# <# turns> <side> <weapon> <width> <height> <cure period>
96 1 1 15 15 20
# Home positions
14 14
14 7
7 14
0 0
0 7
7 0
# Ranks and scores of samurai
0 0
0 0
0 0
0 0
0 0
0 0
# Turn information for samurai of side 1 with weapon 1
# <turn>
2
# <cure period>
0
# Samurai states: <position x> <position y> <hiding>
14 14 0
14 7 0
7 14 0
-1 -1 1
-1 -1 1
-1 -1 1
# Battle field states
 9 9 9 9 9 9 9 9 9 9 9 9 9 9 9
 9 9 9 9 9 9 9 9 9 9 9 9 9 9 9
 9 9 9 9 9 9 9 9 9 9 9 9 9 9 8
 9 9 9 9 9 9 9 9 9 9 9 9 9 8 8
 9 9 9 9 9 9 9 9 9 9 9 9 8 8 8
 9 9 9 9 9 9 9 9 9 9 9 8 8 8 8
 9 9 9 9 9 9 9 9 9 9 8 8 8 8 8
 9 9 9 9 9 9 9 9 9 8 8 8 8 8 8
 9 9 9 9 9 9 9 9 9 9 8 8 8 8 8
 9 9 9 9 9 9 9 8 9 9 9 8 8 8 8
 9 9 9 9 9 9 8 8 8 9 9 9 8 8 8
 9 9 9 9 9 8 8 8 8 8 9 9 8 8 8
 9 9 9 9 8 8 8 8 8 8 8 8 8 8 8
 9 9 9 8 8 8 8 8 8 8 8 8 8 8 8
 9 9 8 8 8 8 8 8 8 8 8 8 8 8 8
# Turn information for samurai of side 1 with weapon 1
# <turn>
9
# <cure period>
0
# Samurai states: <position x> <position y> <hiding>
14 13 1
14 7 0
7 14 0
-1 -1 1
-1 -1 1
-1 -1 1
# Battle field states
 9 9 9 9 9 9 9 9 9 9 9 9 9 9 9
 9 9 9 9 9 9 9 9 9 9 9 9 9 9 9
 9 9 9 9 9 9 9 9 9 9 9 9 9 9 8
 9 9 9 9 9 9 9 9 9 9 9 9 9 8 8
 9 9 9 9 9 9 9 9 9 9 9 9 8 8 8
 9 9 9 9 9 9 9 9 9 9 9 8 8 8 8
 9 9 9 9 9 9 9 9 9 9 8 8 8 8 8
 9 9 9 9 9 9 9 9 9 8 8 8 8 8 8
 9 9 9 9 9 9 9 9 9 9 8 8 8 8 8
 9 9 9 9 9 9 9 8 9 9 9 8 8 8 8
 9 9 9 9 9 9 8 8 8 9 9 9 8 8 0
 9 9 9 9 9 8 8 8 8 8 9 8 8 8 0
 9 9 9 9 8 8 8 8 8 8 8 8 8 8 0
 9 9 9 8 8 8 8 8 8 8 8 8 8 8 0
 9 9 8 8 8 8 8 8 8 8 8 8 8 8 8
# Turn information for samurai of side 1 with weapon 1
# <turn>
14
# <cure period>
0
# Samurai states: <position x> <position y> <hiding>
14 12 0
13 7 0
7 13 0
-1 -1 1
-1 -1 1
-1 -1 1
# Battle field states
 9 9 9 9 9 9 9 9 9 9 9 9 9 9 9
 9 9 9 9 9 9 9 9 9 9 9 9 9 9 9
 9 9 9 9 9 9 9 9 9 9 9 9 9 8 9
 9 9 9 9 9 9 9 9 9 9 9 9 8 8 8
 9 9 9 9 9 9 9 9 9 9 9 8 8 8 8
 9 9 9 9 9 9 9 9 9 9 8 8 8 8 8
 9 9 9 9 9 9 9 9 9 8 8 8 8 8 8
 9 9 9 9 9 9 9 9 8 8 8 1 1 8 8
 9 9 9 9 9 9 9 8 9 8 8 8 1 1 8
 9 9 9 9 9 9 8 8 8 9 8 8 8 1 8
 9 9 9 9 9 8 8 8 8 8 9 8 8 8 0
 9 9 9 9 8 8 8 8 8 8 8 8 8 8 0
 9 9 9 8 8 8 2 2 2 8 0 0 0 0 0
 9 9 8 8 8 8 2 8 2 8 8 8 8 8 0
 9 9 9 8 8 8 2 8 2 8 8 8 8 8 8
# Turn information for samurai of side 1 with weapon 1
# <turn>
21
# <cure period>
0
# Samurai states: <position x> <position y> <hiding>
14 11 0
13 6 0
7 12 0
-1 -1 1
-1 -1 1
-1 -1 1
# Battle field states
 9 9 9 9 9 9 9 9 9 9 9 9 9 9 9
 9 9 9 9 9 9 9 9 9 9 9 9 9 8 9
 9 9 9 9 9 9 9 9 9 9 9 9 8 8 8
 9 9 9 9 9 9 9 9 9 9 9 8 8 8 8
 9 9 9 9 9 9 9 9 9 9 8 8 8 1 8
 9 9 9 9 9 9 9 9 9 8 8 8 1 1 8
 9 9 9 9 9 9 9 9 5 8 8 1 1 8 8
 9 9 9 9 9 9 9 8 9 8 8 1 1 8 8
 9 9 9 9 9 9 8 8 8 9 8 8 1 1 8
 9 9 9 9 9 8 8 8 8 8 9 8 8 1 8
 9 9 9 9 8 8 8 8 8 8 8 8 8 8 0
 9 9 9 8 8 8 2 2 2 8 0 0 0 0 0
 9 9 8 8 8 8 2 2 2 8 0 0 0 0 0
 9 9 9 8 8 8 2 2 2 8 8 8 8 8 0
 9 9 9 9 8 8 2 8 2 8 8 9 8 8 8
# Turn information for samurai of side 1 with weapon 1
# <turn>
26
# <cure period>
0
# Samurai states: <position x> <position y> <hiding>
14 10 1
13 5 1
7 11 1
-1 -1 1
-1 -1 1
-1 -1 1
# Battle field states
 9 9 9 9 9 9 9 9 9 9 9 9 9 8 9
 9 9 9 9 9 9 9 9 9 9 9 9 8 8 8
 9 9 9 9 9 9 9 9 9 9 9 8 8 8 8
 9 9 9 9 9 9 9 9 9 9 8 8 8 8 8
 9 9 9 9 9 9 9 9 9 5 8 8 8 1 8
 9 9 9 9 9 9 9 9 5 5 8 8 1 1 1
 9 9 9 9 9 9 9 5 9 5 8 1 1 1 1
 9 9 9 9 9 9 8 8 8 9 8 1 1 1 8
 9 9 9 9 9 4 8 8 8 8 9 8 1 1 8
 9 9 9 9 4 8 8 8 8 8 8 8 8 1 8
 9 9 9 4 8 8 2 2 2 8 0 0 0 0 0
 9 9 8 8 8 8 2 2 2 8 0 0 0 0 0
 9 9 9 8 8 8 2 2 2 8 0 0 0 0 0
 9 9 9 9 8 8 2 2 2 8 8 9 8 8 0
 9 9 9 9 9 8 2 8 2 8 9 9 9 8 8
# Turn information for samurai of side 1 with weapon 1
# <turn>
33
# <cure period>
0
# Samurai states: <position x> <position y> <hiding>
14 9 0
12 5 0
8 11 0
-1 -1 1
6 9 0
-1 -1 1
# Battle field states
 9 9 9 9 9 9 9 9 9 9 9 9 8 9 9
 9 9 9 9 9 9 9 9 9 9 9 8 8 8 9
 9 9 9 9 9 9 9 9 9 9 8 8 8 8 8
 9 9 9 9 9 9 9 9 9 8 8 8 1 8 8
 9 9 9 9 9 9 9 9 5 5 8 1 1 1 8
 9 9 9 9 9 9 9 5 5 5 1 1 1 1 1
 9 9 9 9 9 9 9 9 5 5 8 1 1 1 1
 9 9 9 9 9 9 9 8 8 8 8 1 1 1 8
 9 9 9 9 9 9 8 8 8 8 8 8 1 1 8
 9 9 9 9 9 8 8 4 4 8 0 0 0 0 8
 9 9 9 9 8 8 4 4 2 2 0 0 0 0 0
 9 9 9 8 8 8 4 2 2 2 0 0 0 0 0
 9 9 9 9 8 8 2 2 2 2 0 0 0 0 0
 9 9 9 9 9 8 2 2 2 8 8 8 9 8 0
 9 9 9 9 9 9 2 8 2 8 8 9 9 9 8
# Turn information for samurai of side 1 with weapon 1
# <turn>
38
# <cure period>
17
# Samurai states: <position x> <position y> <hiding>
14 8 0
14 7 0
8 11 0
-1 -1 1
6 9 0
10 6 0
# Battle field states
 9 9 9 9 9 9 9 9 9 9 9 9 9 9 9
 9 9 9 9 9 9 9 9 9 9 9 9 9 9 9
 9 9 9 9 9 9 9 9 9 9 9 9 9 9 8
 9 9 9 9 9 9 9 9 9 9 9 9 9 8 8
 9 9 9 9 9 9 9 9 9 9 9 9 1 1 8
 9 9 9 9 9 9 9 9 9 9 9 5 1 1 1
 9 9 9 9 9 9 9 9 5 9 8 5 1 1 1
 9 9 9 9 9 9 9 8 8 5 5 5 1 1 8
 9 9 9 9 9 9 8 8 8 8 0 0 0 0 8
 9 9 9 9 9 8 8 4 4 8 0 0 0 0 8
 9 9 9 9 8 8 4 2 2 2 0 0 0 0 0
 9 9 9 8 8 8 4 2 2 2 0 0 0 0 0
 9 9 9 9 8 8 2 2 2 2 0 0 0 0 0
 9 9 9 9 9 8 2 2 2 8 8 8 9 9 0
 9 9 9 9 9 9 2 8 2 8 8 9 9 9 9
# Turn information for samurai of side 1 with weapon 1
# <turn>
45
# <cure period>
10
# Samurai states: <position x> <position y> <hiding>
13 8 1
14 7 0
8 12 1
-1 -1 1
6 9 0
-1 -1 1
# Battle field states
 9 9 9 9 9 9 9 9 9 9 9 9 9 9 9
 9 9 9 9 9 9 9 9 9 9 9 9 9 9 9
 9 9 9 9 9 9 9 9 9 9 9 9 9 9 8
 9 9 9 9 9 9 9 9 9 9 9 9 9 8 8
 9 9 9 9 9 9 9 9 9 9 9 9 1 1 0
 9 9 9 9 9 9 9 9 9 9 9 5 1 1 0
 9 9 9 9 9 9 9 9 9 9 8 5 1 1 0
 9 9 9 9 9 9 9 9 8 5 5 5 1 1 8
 9 9 9 9 9 9 9 8 8 8 0 0 0 0 8
 9 9 9 9 9 9 8 4 4 8 0 0 0 0 8
 9 9 9 9 9 8 4 4 2 2 0 0 0 0 0
 9 9 9 9 8 8 4 2 2 2 0 0 0 0 0
 9 9 9 8 8 8 2 2 2 2 0 0 0 0 0
 9 9 9 9 8 8 2 2 2 2 8 8 8 8 9
 9 9 9 9 9 8 2 8 2 8 8 8 9 9 9
# Turn information for samurai of side 1 with weapon 1
# <turn>
50
# <cure period>
5
# Samurai states: <position x> <position y> <hiding>
12 8 0
14 7 0
8 11 0
-1 -1 1
6 9 0
11 5 0
# Battle field states
 9 9 9 9 9 9 9 9 9 9 9 9 9 9 9
 9 9 9 9 9 9 9 9 9 9 9 9 9 9 9
 9 9 9 9 9 9 9 9 9 9 9 9 9 9 8
 9 9 9 9 9 9 9 9 9 9 9 9 1 8 8
 9 9 9 9 9 9 9 9 9 9 9 5 0 1 0
 9 9 9 9 9 9 9 9 9 9 5 5 0 1 0
 9 9 9 9 9 9 9 9 5 5 5 5 0 1 0
 9 9 9 9 9 9 9 8 8 5 5 5 0 1 8
 9 9 9 9 9 9 4 8 8 8 0 0 0 0 8
 9 9 9 9 9 4 8 4 4 8 0 0 0 0 8
 9 9 9 9 8 8 4 2 2 2 0 0 0 0 0
 9 9 9 8 8 8 4 2 2 2 0 0 0 0 0
 9 9 9 9 8 8 2 2 2 2 0 0 0 0 0
 9 9 9 9 9 8 2 2 2 2 8 8 8 9 9
 9 9 9 9 9 9 2 8 2 8 8 9 9 9 9
# Turn information for samurai of side 1 with weapon 1
# <turn>
57
# <cure period>
0
# Samurai states: <position x> <position y> <hiding>
11 8 0
14 7 0
9 11 1
-1 -1 1
-1 -1 1
-1 -1 1
# Battle field states
 9 9 9 9 9 9 9 9 9 9 9 9 9 9 9
 9 9 9 9 9 9 9 9 9 9 9 9 9 9 9
 9 9 9 9 9 9 9 9 9 9 9 9 9 9 8
 9 9 9 9 9 9 9 9 9 9 9 1 9 8 8
 9 9 9 9 9 9 9 9 9 9 5 0 5 1 0
 9 9 9 9 9 9 9 9 9 5 5 0 5 1 0
 9 9 9 9 9 9 9 9 5 5 5 0 5 1 0
 9 9 9 9 9 9 9 8 8 5 5 0 0 1 8
 9 9 9 9 9 9 4 8 8 8 0 0 0 0 8
 9 9 9 9 9 9 8 4 4 8 0 0 0 0 8
 9 9 9 9 9 8 4 2 2 2 0 0 0 0 0
 9 9 9 9 8 8 4 2 2 2 0 0 0 0 0
 9 9 9 9 9 8 2 2 2 2 0 0 0 0 0
 9 9 9 9 9 9 2 2 2 2 8 8 8 9 9
 9 9 9 9 9 9 9 8 2 8 8 8 9 9 9
# Turn information for samurai of side 1 with weapon 1
# <turn>
62
# <cure period>
0
# Samurai states: <position x> <position y> <hiding>
11 7 0
13 7 1
9 10 0
-1 -1 1
-1 -1 1
-1 -1 1
# Battle field states
 9 9 9 9 9 9 9 9 9 9 9 9 9 9 9
 9 9 9 9 9 9 9 9 9 9 9 9 9 9 9
 9 9 9 9 9 9 9 9 9 9 9 8 9 8 9
 9 9 9 9 9 9 9 9 9 9 8 1 1 8 8
 9 9 9 9 9 9 9 9 9 5 5 0 5 1 0
 9 9 9 9 9 9 9 9 5 5 5 0 5 1 0
 9 9 9 9 9 9 9 5 5 5 5 0 5 1 0
 9 9 9 9 9 9 4 0 0 0 0 0 1 1 8
 9 9 9 9 9 9 4 8 8 8 0 0 0 1 1
 9 9 9 9 9 4 8 4 2 2 2 0 0 0 1
 9 9 9 9 8 8 4 2 2 2 2 0 0 0 0
 9 9 9 9 9 8 4 2 2 2 2 0 0 0 0
 9 9 9 9 9 9 2 2 2 2 0 0 0 0 9
 9 9 9 9 9 9 9 2 2 2 8 8 9 9 9
 9 9 9 9 9 9 9 9 2 8 8 9 9 9 9
# Turn information for samurai of side 1 with weapon 1
# <turn>
69
# <cure period>
0
# Samurai states: <position x> <position y> <hiding>
14 14 0
12 7 0
9 10 1
-1 -1 1
6 12 0
10 6 0
# Battle field states
 9 9 9 9 9 9 9 9 9 9 9 9 9 9 9
 9 9 9 9 9 9 9 9 9 9 9 9 9 9 9
 9 9 9 9 9 9 9 9 9 9 9 9 8 9 9
 9 9 9 9 9 9 9 9 9 9 9 1 1 8 9
 9 9 9 9 9 9 9 9 9 9 5 0 5 1 0
 9 9 9 9 9 9 9 9 9 5 5 5 1 1 0
 9 9 9 9 9 9 9 9 5 5 5 5 1 1 0
 9 9 9 9 9 9 9 0 0 5 5 5 1 1 8
 9 9 9 9 9 9 4 8 8 8 0 0 0 1 1
 9 9 9 9 9 4 8 4 2 2 2 0 0 0 1
 9 9 9 9 8 8 4 4 2 2 2 0 0 0 0
 9 9 9 9 9 8 4 2 2 2 2 0 0 0 0
 9 9 9 9 9 9 2 2 2 2 0 0 0 0 0
 9 9 9 9 9 9 9 2 2 2 8 8 8 8 0
 9 9 9 9 9 9 9 9 2 8 8 8 8 8 8
# Turn information for samurai of side 1 with weapon 1
# <turn>
74
# <cure period>
0
# Samurai states: <position x> <position y> <hiding>
14 14 0
11 7 0
7 14 0
-1 -1 1
6 12 0
-1 -1 1
# Battle field states
 9 9 9 9 9 9 9 9 9 9 9 9 9 9 9
 9 9 9 9 9 9 9 9 9 9 9 9 9 9 9
 9 9 9 9 9 9 9 9 9 9 9 8 9 9 9
 9 9 9 9 9 9 9 9 9 9 8 1 1 9 9
 9 9 9 9 9 9 9 9 9 5 5 0 5 1 9
 9 9 9 9 9 9 9 9 5 5 5 1 1 1 0
 9 9 9 9 9 9 9 5 5 5 1 1 1 1 0
 9 9 9 9 9 9 4 0 3 1 1 5 1 1 8
 9 9 9 9 9 9 9 8 3 8 0 0 0 1 1
 9 9 9 9 9 9 9 2 3 2 2 0 0 0 1
 9 9 9 9 9 9 4 2 3 2 2 0 0 0 0
 9 9 9 9 9 8 4 2 2 2 2 0 0 0 0
 9 9 9 9 8 8 2 2 2 2 0 0 0 0 0
 9 9 9 8 8 8 2 2 2 2 8 8 8 8 0
 9 9 8 8 8 8 2 8 2 8 8 8 8 8 8
# Turn information for samurai of side 1 with weapon 1
# <turn>
81
# <cure period>
0
# Samurai states: <position x> <position y> <hiding>
14 14 0
11 8 0
7 14 0
8 7 0
5 11 0
-1 -1 1
# Battle field states
 9 9 9 9 9 9 9 9 9 9 9 9 9 9 9
 9 9 9 9 9 9 9 9 9 9 9 9 9 9 9
 9 9 9 9 9 9 9 9 9 9 9 9 9 9 9
 9 9 9 9 9 9 9 9 9 9 9 1 9 9 9
 9 9 9 9 9 9 9 9 9 9 5 0 5 9 9
 9 9 9 9 9 9 9 9 9 5 5 1 1 1 9
 9 9 9 9 9 9 9 9 5 5 1 1 1 1 0
 9 9 9 9 9 9 9 0 3 3 3 3 3 1 8
 9 9 9 9 9 9 4 8 3 1 1 0 0 1 1
 9 9 9 9 9 9 9 2 3 2 2 0 0 0 1
 9 9 9 9 9 9 4 2 3 2 2 0 0 0 0
 9 9 9 9 9 8 4 4 2 2 2 0 0 0 0
 9 9 9 9 8 4 4 4 4 2 0 0 0 0 0
 9 9 9 8 8 4 4 4 2 2 8 8 8 8 0
 9 9 8 8 8 8 4 8 2 8 8 8 8 8 8
# Turn information for samurai of side 1 with weapon 1
# <turn>
86
# <cure period>
0
# Samurai states: <position x> <position y> <hiding>
13 14 1
11 9 0
7 14 0
-1 -1 1
5 11 0
-1 -1 1
# Battle field states
 9 9 9 9 9 9 9 9 9 9 9 9 9 9 9
 9 9 9 9 9 9 9 9 9 9 9 9 9 9 9
 9 9 9 9 9 9 9 9 9 9 9 9 9 9 9
 9 9 9 9 9 9 9 9 9 9 9 9 9 9 9
 9 9 9 9 9 9 9 9 9 9 9 0 9 9 9
 9 9 9 9 9 9 9 9 9 9 5 1 1 9 9
 9 9 9 9 9 9 9 9 9 5 1 1 1 1 9
 9 9 9 9 9 9 9 9 3 3 3 1 1 1 8
 9 9 9 9 9 9 9 8 3 1 1 0 1 1 1
 9 9 9 9 9 9 8 2 3 2 2 0 0 0 1
 9 9 9 9 9 9 4 2 3 2 2 0 0 0 0
 9 9 9 9 9 8 4 4 2 2 2 0 0 0 0
 9 9 9 9 8 4 4 4 4 2 0 0 0 0 0
 9 9 9 8 8 4 4 4 2 2 8 8 8 8 0
 9 9 8 8 8 8 4 8 2 8 0 0 0 0 8
# Turn information for samurai of side 1 with weapon 1
# <turn>
93
# <cure period>
0
# Samurai states: <position x> <position y> <hiding>
13 13 0
10 9 0
7 14 0
-1 -1 1
5 11 0
-1 -1 1
# Battle field states
 9 9 9 9 9 9 9 9 9 9 9 9 9 9 9
 9 9 9 9 9 9 9 9 9 9 9 9 9 9 9
 9 9 9 9 9 9 9 9 9 9 9 9 9 9 9
 9 9 9 9 9 9 9 9 9 9 9 9 9 9 9
 9 9 9 9 9 9 9 9 9 9 5 9 9 9 9
 9 9 9 9 9 9 9 9 9 5 5 1 9 9 9
 9 9 9 9 9 9 9 9 5 5 1 1 1 9 9
 9 9 9 9 9 9 9 3 3 3 1 1 1 1 9
 9 9 9 9 9 9 4 3 3 1 1 0 1 1 1
 9 9 9 9 9 4 4 3 1 1 2 0 0 0 1
 9 9 9 9 9 9 4 3 3 2 2 0 0 0 0
 9 9 9 9 9 8 4 4 4 2 2 0 0 0 0
 9 9 9 9 8 4 4 4 4 2 0 0 0 0 0
 9 9 9 8 8 4 4 4 2 0 0 0 0 8 0
 9 9 8 8 8 8 4 8 2 8 0 0 0 0 8
