# <# turns> <side> <weapon> <width> <height> <cure period>
96 0 0 15 15 20
# Home positions
0 0
0 7
7 0
14 14
14 7
7 14
# Ranks and scores of samurai
0 0
0 0
0 0
0 0
0 0
0 0
# Turn information for samurai of side 0 with weapon 0
# <turn>
0
# <cure period>
0
# Samurai states: <position x> <position y> <hiding>
0 0 0
0 7 0
7 0 0
-1 -1 1
-1 -1 1
-1 -1 1
# Battle field states
 8 8 8 8 8 8 8 8 8 8 8 8 8 9 9
 8 8 8 8 8 8 8 8 8 8 8 8 9 9 9
 8 8 8 8 8 8 8 8 8 8 8 9 9 9 9
 8 8 8 9 9 8 8 8 8 8 9 9 9 9 9
 8 8 8 9 9 9 8 8 8 9 9 9 9 9 9
 8 8 8 8 9 9 9 8 9 9 9 9 9 9 9
 8 8 8 8 8 9 9 9 9 9 9 9 9 9 9
 8 8 8 8 8 8 9 9 9 9 9 9 9 9 9
 8 8 8 8 8 9 9 9 9 9 9 9 9 9 9
 8 8 8 8 9 9 9 9 9 9 9 9 9 9 9
 8 8 8 9 9 9 9 9 9 9 9 9 9 9 9
 8 8 9 9 9 9 9 9 9 9 9 9 9 9 9
 8 9 9 9 9 9 9 9 9 9 9 9 9 9 9
 9 9 9 9 9 9 9 9 9 9 9 9 9 9 9
 9 9 9 9 9 9 9 9 9 9 9 9 9 9 9
# Turn information for samurai of side 0 with weapon 0
# <turn>
7
# <cure period>
0
# Samurai states: <position x> <position y> <hiding>
0 0 0
0 7 0
7 0 0
-1 -1 1
-1 -1 1
-1 -1 1
# Battle field states
 8 8 8 8 8 8 8 8 8 8 8 8 8 9 9
 8 8 8 8 8 8 8 8 8 8 8 8 9 9 9
 8 8 8 8 8 8 8 8 8 8 8 9 9 9 9
 8 8 8 9 9 8 8 8 8 8 9 9 9 9 9
 8 8 8 9 9 9 8 8 8 9 9 9 9 9 9
 8 8 8 8 9 9 9 8 9 9 9 9 9 9 9
 8 8 8 8 8 9 9 9 9 9 9 9 9 9 9
 8 8 8 8 8 8 9 9 9 9 9 9 9 9 9
 8 8 8 8 8 9 9 9 9 9 9 9 9 9 9
 8 8 8 8 9 9 9 9 9 9 9 9 9 9 9
 8 8 8 9 9 9 9 9 9 9 9 9 9 9 9
 8 8 9 9 9 9 9 9 9 9 9 9 9 9 9
 8 9 9 9 9 9 9 9 9 9 9 9 9 9 9
 9 9 9 9 9 9 9 9 9 9 9 9 9 9 9
 9 9 9 9 9 9 9 9 9 9 9 9 9 9 9
# Turn information for samurai of side 0 with weapon 0
# <turn>
12
# <cure period>
0
# Samurai states: <position x> <position y> <hiding>
1 0 0
1 7 0
7 1 0
-1 -1 1
-1 -1 1
-1 -1 1
# Battle field states
 8 8 0 0 0 0 2 8 2 8 8 8 9 9 9
 8 8 8 8 8 8 2 8 2 8 8 8 8 9 9
 8 8 8 8 8 8 2 2 2 8 8 8 9 9 9
 8 8 8 8 8 8 8 8 8 8 8 9 9 9 9
 8 8 8 8 9 8 8 8 8 8 9 9 9 9 9
 8 1 8 8 8 9 8 8 8 9 9 9 9 9 9
 8 1 1 8 8 8 9 8 9 9 9 9 9 9 9
 8 8 1 1 8 8 8 9 9 9 9 9 9 9 9
 8 8 8 8 8 8 9 9 9 9 9 9 9 9 9
 8 8 8 8 8 9 9 9 9 9 9 9 9 9 9
 8 8 8 8 9 9 9 9 9 9 9 9 9 9 9
 8 8 8 9 9 9 9 9 9 9 9 9 9 9 9
 9 8 9 9 9 9 9 9 9 9 9 9 9 9 9
 9 9 9 9 9 9 9 9 9 9 9 9 9 9 9
 9 9 9 9 9 9 9 9 9 9 9 9 9 9 9
# Turn information for samurai of side 0 with weapon 0
# <turn>
19
# <cure period>
0
# Samurai states: <position x> <position y> <hiding>
1 1 0
1 8 0
7 2 1
-1 -1 1
-1 -1 1
-1 -1 1
# Battle field states
 8 8 0 0 0 0 2 8 2 8 8 9 9 9 9
 8 8 0 0 0 0 2 2 2 8 8 8 9 9 9
 8 8 8 8 8 8 2 2 2 8 8 8 8 9 9
 8 8 8 8 8 8 2 2 2 8 8 8 9 9 9
 8 8 8 8 8 8 8 8 8 8 8 9 9 9 9
 8 1 8 8 9 8 8 8 8 8 9 9 9 9 9
 8 1 1 8 8 9 8 8 8 9 9 9 9 9 9
 8 8 1 1 8 8 9 8 9 9 9 9 9 9 9
 8 8 1 1 8 8 5 9 9 9 9 9 9 9 9
 8 1 1 8 8 8 9 9 9 9 9 9 9 9 9
 8 1 8 8 8 9 9 9 9 9 9 9 9 9 9
 8 8 8 8 9 9 9 9 9 9 9 9 9 9 9
 8 8 8 9 9 9 9 9 9 9 9 9 9 9 9
 9 8 9 9 9 9 9 9 9 9 9 9 9 9 9
 9 9 9 9 9 9 9 9 9 9 9 9 9 9 9
# Turn information for samurai of side 0 with weapon 0
# <turn>
24
# <cure period>
0
# Samurai states: <position x> <position y> <hiding>
1 2 0
1 9 0
7 3 0
-1 -1 1
-1 -1 1
-1 -1 1
# Battle field states
 8 8 0 0 0 0 2 8 2 8 9 9 9 9 9
 8 8 0 0 0 0 2 2 2 8 8 9 9 9 9
 8 8 0 0 0 0 2 2 2 8 8 8 9 9 9
 8 8 8 8 8 8 2 2 2 8 8 8 8 9 9
 8 8 8 8 8 8 2 2 2 8 8 4 9 9 9
 8 1 8 8 8 8 8 8 8 8 4 9 9 9 9
 8 1 1 8 9 8 8 8 8 4 9 9 9 9 9
 8 1 1 1 8 9 5 5 5 9 9 9 9 9 9
 1 1 1 1 8 8 9 5 9 9 9 9 9 9 9
 1 1 1 8 8 8 5 9 9 9 9 9 9 9 9
 8 1 8 8 8 8 9 9 9 9 9 9 9 9 9
 8 8 8 8 8 9 9 9 9 9 9 9 9 9 9
 8 8 8 8 9 9 9 9 9 9 9 9 9 9 9
 8 8 8 9 9 9 9 9 9 9 9 9 9 9 9
 9 8 9 9 9 9 9 9 9 9 9 9 9 9 9
# Turn information for samurai of side 0 with weapon 0
# <turn>
31
# <cure period>
0
# Samurai states: <position x> <position y> <hiding>
1 3 0
2 9 0
7 4 0
-1 -1 1
-1 -1 1
7 5 0
# Battle field states
 8 8 0 0 9 9 2 8 2 9 9 9 9 9 9
 8 8 0 0 0 0 2 2 2 8 9 9 9 9 9
 8 8 0 0 0 0 2 2 2 8 8 9 9 9 9
 8 8 0 0 0 0 2 2 2 8 8 8 9 9 9
 8 8 8 8 8 8 2 2 2 8 8 4 4 9 9
 8 1 8 8 8 8 2 2 2 8 4 4 9 9 9
 8 1 1 8 8 8 8 8 4 4 4 9 9 9 9
 8 1 1 1 8 8 5 5 5 4 9 9 9 9 9
 1 1 1 1 8 8 5 5 5 9 9 9 9 9 9
 1 1 1 1 1 8 5 5 9 9 9 9 9 9 9
 8 1 1 1 8 8 5 9 9 9 9 9 9 9 9
 8 8 1 8 8 8 9 9 9 9 9 9 9 9 9
 8 8 8 8 8 9 9 9 9 9 9 9 9 9 9
 9 8 8 8 9 9 9 9 9 9 9 9 9 9 9
 9 9 8 9 9 9 9 9 9 9 9 9 9 9 9
# Turn information for samurai of side 0 with weapon 0
# <turn>
36
# <cure period>
0
# Samurai states: <position x> <position y> <hiding>
1 4 0
3 9 1
7 0 0
-1 -1 1
-1 -1 1
-1 -1 1
# Battle field states
 8 0 0 0 0 0 2 8 2 8 8 8 8 9 9
 8 0 0 0 0 0 2 2 2 8 8 8 9 9 9
 8 0 0 0 0 0 2 2 2 8 8 9 9 9 9
 8 0 0 0 0 0 2 2 2 8 9 9 9 9 9
 8 8 8 8 8 5 5 5 2 9 9 9 9 9 9
 8 1 8 8 8 8 9 5 9 9 9 9 9 9 9
 8 1 1 8 8 5 9 9 9 9 9 9 9 9 9
 8 1 1 1 8 8 5 9 9 9 9 9 9 9 9
 1 1 1 1 8 8 5 5 9 9 9 9 9 9 9
 1 1 1 1 1 1 5 5 5 9 9 9 9 9 9
 8 1 1 1 1 8 5 5 9 9 9 9 9 9 9
 8 8 1 1 8 8 8 9 9 9 9 9 9 9 9
 9 8 8 8 8 8 9 9 9 9 9 9 9 9 9
 9 9 8 8 8 9 9 9 9 9 9 9 9 9 9
 9 9 9 8 9 9 9 9 9 9 9 9 9 9 9
# Turn information for samurai of side 0 with weapon 0
# <turn>
43
# <cure period>
0
# Samurai states: <position x> <position y> <hiding>
2 4 0
4 9 0
7 0 0
-1 -1 1
-1 -1 1
-1 -1 1
# Battle field states
 9 0 0 0 0 0 2 8 2 8 8 8 8 9 9
 8 0 0 0 0 0 2 2 2 8 8 8 9 9 9
 8 0 0 0 0 0 2 2 2 8 8 9 9 9 9
 8 0 0 0 0 0 2 2 2 8 9 9 9 9 9
 8 8 8 0 0 0 5 5 5 9 9 9 9 9 9
 8 1 8 8 8 8 5 5 9 9 9 9 9 9 9
 8 1 1 8 8 5 5 9 9 9 9 9 9 9 9
 8 1 1 1 1 8 5 5 9 9 9 9 9 9 9
 1 1 1 1 1 1 5 5 5 9 9 9 9 9 9
 1 1 1 1 1 1 1 5 5 3 9 9 9 9 9
 8 1 1 1 1 8 5 5 5 9 9 9 9 9 9
 9 8 1 1 8 8 8 8 9 9 9 9 9 9 9
 9 9 8 8 8 8 5 9 9 9 9 9 9 9 9
 9 9 9 8 8 8 9 9 9 9 9 9 9 9 9
 9 9 9 9 8 9 9 9 9 9 9 9 9 9 9
# Turn information for samurai of side 0 with weapon 0
# <turn>
48
# <cure period>
0
# Samurai states: <position x> <position y> <hiding>
2 5 0
4 10 1
7 0 0
-1 -1 1
5 7 0
-1 -1 1
# Battle field states
 9 9 0 0 0 0 2 8 2 8 8 8 8 9 9
 9 0 0 0 0 0 2 2 2 8 8 8 9 9 9
 8 0 0 0 0 0 2 2 2 8 8 9 9 9 9
 8 0 0 0 0 0 2 2 2 8 9 9 9 9 9
 8 8 8 0 0 0 5 5 5 9 9 9 9 9 9
 8 1 8 0 0 0 0 5 9 9 9 9 9 9 9
 8 1 1 8 8 5 5 9 9 9 9 9 9 9 9
 8 1 1 1 1 8 5 9 9 9 9 9 9 9 9
 1 1 1 1 1 1 5 5 9 9 9 9 9 9 9
 1 1 1 1 1 1 1 5 5 9 9 9 9 9 9
 8 1 1 1 1 1 1 5 5 3 9 9 9 9 9
 8 8 1 1 1 1 8 8 8 9 9 9 9 9 9
 9 8 8 8 1 8 5 5 9 9 9 9 9 9 9
 9 9 8 8 8 8 5 9 9 9 9 9 9 9 9
 9 9 9 8 8 8 9 9 9 9 9 9 9 9 9
# Turn information for samurai of side 0 with weapon 0
# <turn>
55
# <cure period>
0
# Samurai states: <position x> <position y> <hiding>
2 6 0
4 11 0
7 0 0
-1 -1 1
-1 -1 1
6 4 0
# Battle field states
 9 9 0 0 0 0 2 8 2 8 8 8 8 9 9
 9 9 0 0 0 0 2 2 2 8 8 8 9 9 9
 9 0 0 0 0 0 2 2 2 8 8 9 9 9 9
 8 0 0 0 0 0 2 2 2 8 9 9 9 9 9
 8 8 8 0 0 0 5 5 5 9 9 9 9 9 9
 8 1 8 0 0 4 0 5 9 9 9 9 9 9 9
 8 1 1 0 4 4 0 5 9 9 9 9 9 9 9
 8 1 1 4 4 8 5 9 9 9 9 9 9 9 9
 1 1 1 1 1 1 5 9 9 9 9 9 9 9 9
 1 1 1 1 3 3 3 3 9 9 9 9 9 9 9
 8 1 1 1 1 1 1 5 5 9 9 9 9 9 9
 8 8 1 1 1 1 1 8 8 3 9 9 9 9 9
 8 8 8 8 1 1 5 5 5 9 9 9 9 9 9
 9 8 8 8 1 8 5 8 9 9 9 9 9 9 9
 9 9 8 8 8 8 5 9 9 9 9 9 9 9 9
# Turn information for samurai of side 0 with weapon 0
# <turn>
60
# <cure period>
0
# Samurai states: <position x> <position y> <hiding>
2 7 1
4 12 0
8 0 1
-1 -1 1
5 5 0
-1 -1 1
# Battle field states
 9 9 9 0 0 0 2 8 2 2 8 8 8 8 9
 9 9 9 9 0 0 2 2 2 2 8 8 8 9 9
 9 9 0 9 9 0 2 2 2 8 8 8 9 9 9
 9 0 0 0 9 9 5 2 2 8 8 9 9 9 9
 8 8 8 0 5 9 9 5 5 4 9 9 9 9 9
 8 1 8 4 5 5 9 9 5 9 9 9 9 9 9
 8 1 1 0 4 4 0 9 9 9 9 9 9 9 9
 8 1 1 0 0 0 0 5 9 9 9 9 9 9 9
 1 1 1 1 1 1 5 9 9 9 9 9 9 9 9
 1 1 1 1 3 3 3 9 9 9 9 9 9 9 9
 8 1 1 1 1 1 1 5 9 9 9 9 9 9 9
 8 8 1 1 1 1 1 8 8 9 9 9 9 9 9
 8 8 1 1 1 1 5 5 5 3 9 9 9 9 9
 8 8 8 1 1 8 5 8 5 9 9 9 9 9 9
 9 8 8 8 1 8 5 8 9 9 9 9 9 9 9
# Turn information for samurai of side 0 with weapon 0
# <turn>
67
# <cure period>
19
# Samurai states: <position x> <position y> <hiding>
0 0 0
4 13 1
9 0 0
-1 -1 1
-1 -1 1
-1 -1 1
# Battle field states
 8 0 0 0 0 0 2 8 2 2 2 8 8 8 8
 8 0 0 0 0 0 2 2 2 2 2 8 8 8 9
 8 0 0 0 9 9 5 2 2 8 8 8 8 9 9
 8 0 0 9 9 9 9 2 2 8 8 8 9 9 9
 8 8 9 9 9 9 9 9 5 4 8 9 9 9 9
 8 9 9 9 9 9 9 9 9 4 9 9 9 9 9
 9 9 9 9 9 9 9 9 9 9 9 9 9 9 9
 9 9 9 9 9 9 9 9 9 9 9 9 9 9 9
 9 9 9 9 3 9 9 9 9 9 9 9 9 9 9
 9 9 9 1 3 3 9 9 9 9 9 9 9 9 9
 9 9 1 1 1 1 1 9 9 9 9 9 9 9 9
 9 8 1 1 1 1 1 8 9 9 9 9 9 9 9
 8 8 1 1 1 1 5 5 5 9 9 9 9 9 9
 8 8 8 1 1 1 1 8 5 3 9 9 9 9 9
 8 8 8 8 1 1 5 8 5 9 9 9 9 9 9
# Turn information for samurai of side 0 with weapon 0
# <turn>
72
# <cure period>
14
# Samurai states: <position x> <position y> <hiding>
0 0 0
3 13 0
9 1 1
-1 -1 1
-1 -1 1
-1 -1 1
# Battle field states
 8 0 0 0 0 0 2 8 2 2 2 8 8 8 9
 8 0 0 0 0 0 2 2 2 2 2 8 8 8 8
 8 0 0 5 9 5 5 2 2 2 2 8 8 8 9
 8 0 0 9 9 9 5 2 2 8 8 8 8 9 9
 8 8 9 9 9 9 9 5 5 4 8 4 9 9 9
 8 9 9 9 9 9 9 9 5 4 4 9 9 9 9
 9 9 9 9 9 9 9 9 9 4 9 9 9 9 9
 9 9 9 9 9 9 9 9 9 9 9 9 9 9 9
 9 9 9 3 9 9 9 9 9 9 9 9 9 9 9
 9 9 1 1 3 9 9 9 9 9 9 9 9 9 9
 9 1 1 1 1 1 9 9 9 9 9 9 9 9 9
 8 8 1 1 1 1 1 9 9 9 9 9 9 9 9
 8 8 1 1 1 1 5 5 9 9 9 9 9 9 9
 8 1 1 1 1 1 1 8 5 9 9 9 9 9 9
 8 8 1 1 1 1 5 8 9 9 9 9 9 9 9
# Turn information for samurai of side 0 with weapon 0
# <turn>
79
# <cure period>
7
# Samurai states: <position x> <position y> <hiding>
0 0 0
2 13 1
10 1 0
-1 -1 1
4 1 0
-1 -1 1
# Battle field states
 8 0 0 0 0 0 2 8 2 2 2 2 8 8 8
 8 0 0 0 0 0 2 2 2 2 2 2 8 8 8
 8 0 5 5 9 9 5 3 2 2 2 2 8 8 8
 8 0 5 9 9 9 9 3 2 8 8 8 8 8 9
 8 8 9 9 9 9 9 9 5 4 8 4 4 9 9
 8 9 9 9 9 9 9 9 9 4 4 4 9 9 9
 9 9 9 9 9 9 9 9 9 9 4 9 9 9 9
 9 9 9 9 9 9 9 9 9 9 9 9 9 9 9
 9 9 3 9 9 9 9 9 9 9 9 9 9 9 9
 9 1 1 1 9 9 9 9 9 9 9 9 9 9 9
 8 1 1 1 1 9 9 9 9 9 9 9 9 9 9
 8 8 1 1 1 1 9 9 9 9 9 9 9 9 9
 8 8 1 1 1 1 5 9 9 9 9 9 9 9 9
 1 1 1 1 1 1 1 8 9 9 9 9 9 9 9
 8 1 1 1 1 1 5 9 9 9 9 9 9 9 9
# Turn information for samurai of side 0 with weapon 0
# <turn>
84
# <cure period>
2
# Samurai states: <position x> <position y> <hiding>
0 0 0
2 12 0
10 2 1
-1 -1 1
-1 -1 1
-1 -1 1
# Battle field states
 8 0 0 0 0 0 9 8 2 2 2 2 8 8 9
 8 0 0 0 0 9 2 2 2 2 2 2 8 8 8
 8 0 5 5 9 5 5 3 2 2 2 2 8 8 8
 8 0 5 9 9 9 5 3 2 2 2 2 8 8 8
 8 8 9 9 9 9 9 3 5 4 8 4 4 4 9
 8 9 9 9 9 9 9 9 5 4 4 4 4 9 9
 9 9 9 9 9 9 9 9 9 4 4 4 9 9 9
 9 9 3 9 9 9 9 9 9 9 4 9 9 9 9
 9 1 3 3 9 9 9 9 9 9 9 9 9 9 9
 1 1 1 1 3 9 9 9 9 9 9 9 9 9 9
 8 1 1 1 1 1 9 9 9 9 9 9 9 9 9
 8 1 1 1 1 1 1 9 9 9 9 9 9 9 9
 1 1 1 1 1 1 5 5 9 9 9 9 9 9 9
 1 1 1 1 1 1 1 9 9 9 9 9 9 9 9
 8 1 1 1 1 1 9 9 9 9 9 9 9 9 9
# Turn information for samurai of side 0 with weapon 0
# <turn>
91
# <cure period>
0
# Samurai states: <position x> <position y> <hiding>
0 0 0
2 11 1
10 3 0
-1 -1 1
-1 -1 1
2 6 0
# Battle field states
 8 0 4 0 0 0 9 9 2 2 2 2 8 9 9
 8 4 4 0 0 9 9 2 2 2 2 2 8 8 9
 4 4 5 5 9 9 5 3 3 3 2 2 8 8 8
 8 0 5 9 9 5 5 3 3 3 2 2 8 8 8
 8 8 9 9 9 9 5 3 3 3 2 2 4 4 8
 8 9 9 9 9 9 9 3 3 3 4 4 4 4 9
 9 9 3 9 9 9 9 9 5 4 4 4 4 9 9
 9 5 5 5 9 9 9 9 9 4 4 4 9 9 9
 1 1 3 3 3 9 9 9 9 9 4 9 9 9 9
 1 1 1 1 3 3 9 9 9 9 9 9 9 9 9
 8 1 1 1 1 1 1 9 9 9 9 9 9 9 9
 1 1 1 1 1 1 1 8 9 9 9 9 9 9 9
 1 1 1 1 1 1 5 9 9 9 9 9 9 9 9
 1 1 1 1 1 1 9 9 9 9 9 9 9 9 9
 8 1 1 1 1 9 9 9 9 9 9 9 9 9 9
