# <# turns> <side> <weapon> <width> <height> <cure period>
96 1 0 15 15 20
# Home positions
14 14
14 7
7 14
0 0
0 7
7 0
# Ranks and scores of samurai
0 0
0 0
0 0
0 0
0 0
0 0
# Turn information for samurai of side 1 with weapon 0
# <turn>
1
# <cure period>
0
# Samurai states: <position x> <position y> <hiding>
14 14 0
14 7 0
7 14 0
-1 -1 1
-1 -1 1
-1 -1 1
# Battle field states
 9 9 9 9 9 9 9 9 9 9 9 9 9 9 9
 9 9 9 9 9 9 9 9 9 9 9 9 9 9 9
 9 9 9 9 9 9 9 9 9 9 9 9 9 9 8
 9 9 9 9 9 9 9 9 9 9 9 9 9 8 8
 9 9 9 9 9 9 9 9 9 9 9 9 8 8 8
 9 9 9 9 9 9 9 9 9 9 9 8 8 8 8
 9 9 9 9 9 9 9 9 9 9 8 8 8 8 8
 9 9 9 9 9 9 9 9 9 8 8 8 8 8 8
 9 9 9 9 9 9 9 9 9 9 8 8 8 8 8
 9 9 9 9 9 9 9 8 9 9 9 8 8 8 8
 9 9 9 9 9 9 8 8 8 9 9 9 8 8 8
 9 9 9 9 9 8 8 8 8 8 9 9 8 8 8
 9 9 9 9 8 8 8 8 8 8 8 8 8 8 8
 9 9 9 8 8 8 8 8 8 8 8 8 8 8 8
 9 9 8 8 8 8 8 8 8 8 8 8 8 8 8
# Turn information for samurai of side 1 with weapon 0
# <turn>
6
# <cure period>
0
# Samurai states: <position x> <position y> <hiding>
14 13 1
13 7 0
7 13 0
-1 -1 1
-1 -1 1
-1 -1 1
# Battle field states
 9 9 9 9 9 9 9 9 9 9 9 9 9 9 9
 9 9 9 9 9 9 9 9 9 9 9 9 9 9 9
 9 9 9 9 9 9 9 9 9 9 9 9 9 8 9
 9 9 9 9 9 9 9 9 9 9 9 9 8 8 8
 9 9 9 9 9 9 9 9 9 9 9 8 8 8 8
 9 9 9 9 9 9 9 9 9 9 8 8 8 8 8
 9 9 9 9 9 9 9 9 9 8 8 8 8 8 8
 9 9 9 9 9 9 9 9 8 8 8 1 1 8 8
 9 9 9 9 9 9 9 8 9 8 8 8 1 1 8
 9 9 9 9 9 9 8 8 8 9 8 8 8 1 8
 9 9 9 9 9 8 8 8 8 8 9 8 8 8 0
 9 9 9 9 8 8 8 8 8 8 8 8 8 8 0
 9 9 9 8 8 8 2 2 2 8 8 8 8 8 0
 9 9 8 8 8 8 2 8 2 8 8 8 8 8 0
 9 9 9 8 8 8 2 8 2 8 8 8 8 8 8
# Turn information for samurai of side 1 with weapon 0
# <turn>
13
# <cure period>
0
# Samurai states: <position x> <position y> <hiding>
14 12 0
12 7 0
7 12 1
-1 -1 1
-1 -1 1
-1 -1 1
# Battle field states
 9 9 9 9 9 9 9 9 9 9 9 9 9 9 9
 9 9 9 9 9 9 9 9 9 9 9 9 9 9 9
 9 9 9 9 9 9 9 9 9 9 9 9 8 9 9
 9 9 9 9 9 9 9 9 9 9 9 8 8 8 9
 9 9 9 9 9 9 9 9 9 9 8 8 8 8 8
 9 9 9 9 9 9 9 9 9 8 8 8 1 8 8
 9 9 9 9 9 9 9 9 8 8 8 8 1 1 8
 9 9 9 9 9 9 9 8 8 8 8 1 1 1 8
 9 9 9 9 9 9 8 8 8 8 8 8 1 1 8
 9 9 9 9 9 8 8 8 8 8 8 8 8 1 8
 9 9 9 9 8 8 8 8 8 8 8 8 8 8 0
 9 9 9 8 8 8 2 2 2 8 8 8 8 8 0
 9 9 8 8 8 8 2 2 2 8 0 0 0 0 0
 9 9 9 8 8 8 2 2 2 8 8 8 8 8 0
 9 9 9 9 8 8 2 8 2 8 8 8 8 8 8
# Turn information for samurai of side 1 with weapon 0
# <turn>
18
# <cure period>
0
# Samurai states: <position x> <position y> <hiding>
14 11 1
11 7 1
5 12 0
-1 -1 1
-1 -1 1
-1 -1 1
# Battle field states
 9 9 9 9 9 9 9 9 9 9 9 9 9 9 9
 9 9 9 9 9 9 9 9 9 9 9 9 9 9 9
 9 9 9 9 9 9 9 9 9 9 9 8 9 9 9
 9 9 9 9 9 9 9 9 9 9 8 8 8 9 9
 9 9 9 9 9 9 9 9 9 8 8 8 8 8 9
 9 9 9 9 9 9 9 9 5 8 8 8 1 8 8
 9 9 9 9 9 9 9 5 5 8 8 8 1 1 8
 9 9 9 9 9 4 8 8 8 1 1 1 1 1 8
 9 9 9 9 4 8 8 8 8 8 1 1 1 1 8
 9 9 9 4 8 8 8 8 8 8 8 1 8 1 8
 9 9 8 8 8 8 8 8 8 8 8 8 8 8 0
 9 8 8 8 8 8 2 2 2 8 0 0 0 0 0
 8 8 8 8 8 8 2 2 2 8 0 0 0 0 0
 9 8 8 8 8 8 2 2 2 8 9 8 8 8 0
 9 9 8 8 8 8 2 8 2 9 9 9 8 8 8
# Turn information for samurai of side 1 with weapon 0
# <turn>
25
# <cure period>
0
# Samurai states: <position x> <position y> <hiding>
14 10 0
11 8 0
5 13 1
-1 -1 1
-1 -1 1
-1 -1 1
# Battle field states
 9 9 9 9 9 9 9 9 9 9 9 9 9 9 9
 9 9 9 9 9 9 9 9 9 9 9 9 9 9 9
 9 9 9 9 9 9 9 9 9 9 9 9 9 9 9
 9 9 9 9 9 9 9 9 9 9 9 8 9 9 9
 9 9 9 9 9 9 9 9 9 9 8 8 8 9 9
 9 9 9 9 9 9 9 9 9 8 8 1 1 8 8
 9 9 9 9 9 9 9 9 5 8 1 1 1 1 8
 9 9 9 9 9 9 9 5 5 1 1 1 1 1 8
 9 9 9 9 9 8 8 8 8 8 1 1 1 1 8
 9 9 9 9 8 8 8 8 8 8 8 1 8 1 8
 9 9 9 8 8 8 8 8 8 8 0 0 0 0 0
 9 9 8 8 2 2 2 2 2 8 0 0 0 0 0
 9 8 8 8 2 8 2 2 2 8 0 0 0 0 0
 8 8 8 8 2 2 2 2 2 8 8 8 8 8 0
 9 8 8 8 8 8 2 8 2 8 9 9 9 8 8
# Turn information for samurai of side 1 with weapon 0
# <turn>
30
# <cure period>
0
# Samurai states: <position x> <position y> <hiding>
13 10 1
11 9 1
5 13 1
-1 -1 1
-1 -1 1
-1 -1 1
# Battle field states
 9 9 9 9 9 9 9 9 9 9 9 9 9 9 9
 9 9 9 9 9 9 9 9 9 9 9 9 9 9 9
 9 9 9 9 9 9 9 9 9 9 9 9 9 9 9
 9 9 9 9 9 9 9 9 9 9 9 9 9 9 9
 9 9 9 9 9 9 9 9 9 9 9 8 9 9 9
 9 9 9 9 9 9 9 9 9 9 8 1 1 8 9
 9 9 9 9 9 9 9 9 9 5 1 1 1 1 0
 9 9 9 9 9 9 9 9 5 5 1 1 1 1 8
 9 9 9 9 9 4 9 8 8 1 1 1 1 1 0
 9 9 9 9 4 4 8 8 8 8 1 1 8 1 0
 9 9 9 8 4 8 8 8 8 8 0 1 0 0 0
 9 9 8 8 2 2 2 2 2 8 0 0 0 0 0
 9 8 8 8 2 8 2 2 2 8 0 0 0 0 0
 8 8 8 8 2 2 2 2 2 8 8 8 8 8 0
 9 8 8 8 8 8 2 8 2 8 9 8 8 8 8
# Turn information for samurai of side 1 with weapon 0
# <turn>
37
# <cure period>
0
# Samurai states: <position x> <position y> <hiding>
13 10 1
11 9 1
6 13 1
-1 -1 1
-1 -1 1
-1 -1 1
# Battle field states
 9 9 9 9 9 9 9 9 9 9 9 9 9 9 9
 9 9 9 9 9 9 9 9 9 9 9 9 9 9 9
 9 9 9 9 9 9 9 9 9 9 9 9 9 9 9
 9 9 9 9 9 9 9 9 9 9 9 9 9 9 9
 9 9 9 9 9 9 9 9 9 9 9 8 9 9 9
 9 9 9 9 9 9 9 9 9 9 8 1 1 8 9
 9 9 9 9 9 9 9 9 9 5 1 1 1 1 0
 9 9 9 9 9 9 9 9 5 5 1 1 1 1 8
 9 9 9 9 9 9 4 4 8 1 1 1 1 1 0
 9 9 9 9 9 4 4 8 8 8 1 1 1 1 0
 9 9 9 9 4 4 8 8 8 8 0 1 1 0 0
 9 9 9 8 2 2 2 2 2 8 0 1 0 0 0
 9 9 8 8 2 8 2 2 2 8 0 0 0 0 0
 9 8 8 8 2 2 2 2 2 8 8 8 8 0 0
 9 9 8 8 8 8 2 8 2 8 8 8 8 0 8
# Turn information for samurai of side 1 with weapon 0
# <turn>
42
# <cure period>
0
# Samurai states: <position x> <position y> <hiding>
12 10 0
10 10 1
8 12 1
-1 -1 1
-1 -1 1
-1 -1 1
# Battle field states
 9 9 9 9 9 9 9 9 9 9 9 9 9 9 9
 9 9 9 9 9 9 9 9 9 9 9 9 9 9 9
 9 9 9 9 9 9 9 9 9 9 9 9 9 9 9
 9 9 9 9 9 9 9 9 9 9 9 9 9 9 9
 9 9 9 9 9 9 9 9 9 9 9 9 9 9 9
 9 9 9 9 9 9 9 9 9 9 8 9 1 9 9
 9 9 9 9 9 9 9 9 9 5 1 1 1 1 9
 9 9 9 9 9 9 9 9 5 5 1 1 1 1 8
 9 9 9 9 9 9 9 4 8 1 1 1 1 1 0
 9 9 9 9 9 9 4 4 8 8 1 1 1 1 0
 9 9 9 9 9 4 4 8 8 8 0 1 1 0 0
 9 9 9 9 2 4 2 2 2 8 0 1 0 0 0
 9 9 9 8 2 8 2 2 2 8 0 0 0 0 0
 9 9 9 9 2 2 2 2 2 8 8 8 0 0 0
 9 9 9 9 9 8 2 8 2 8 8 8 0 0 9
# Turn information for samurai of side 1 with weapon 0
# <turn>
49
# <cure period>
0
# Samurai states: <position x> <position y> <hiding>
11 10 1
10 12 1
8 12 1
-1 -1 1
-1 -1 1
-1 -1 1
# Battle field states
 9 9 9 9 9 9 9 9 9 9 9 9 9 9 9
 9 9 9 9 9 9 9 9 9 9 9 9 9 9 9
 9 9 9 9 9 9 9 9 9 9 9 9 9 9 9
 9 9 9 9 9 9 9 9 9 9 9 9 9 9 9
 9 9 9 9 9 9 9 9 9 9 9 9 9 9 9
 9 9 9 9 9 9 9 9 9 9 9 1 9 9 9
 9 9 9 9 9 9 9 9 9 9 5 1 1 9 9
 9 9 9 9 9 9 9 9 5 5 5 1 1 1 9
 9 9 9 9 9 9 9 4 8 1 1 1 1 1 0
 9 9 9 9 9 9 4 4 4 8 1 1 1 1 0
 9 9 9 9 9 4 4 4 8 8 0 1 1 0 0
 9 9 9 9 2 4 4 2 2 8 0 0 0 0 0
 9 9 9 8 2 8 2 2 2 8 0 0 0 0 0
 9 9 9 9 2 2 2 2 2 8 8 0 0 0 0
 9 9 9 9 9 8 2 8 2 8 8 0 0 0 9
# Turn information for samurai of side 1 with weapon 0
# <turn>
54
# <cure period>
0
# Samurai states: <position x> <position y> <hiding>
10 10 0
10 12 1
7 14 0
-1 -1 1
-1 -1 1
-1 -1 1
# Battle field states
 9 9 9 9 9 9 9 9 9 9 9 9 9 9 9
 9 9 9 9 9 9 9 9 9 9 9 9 9 9 9
 9 9 9 9 9 9 9 9 9 9 9 9 9 9 9
 9 9 9 9 9 9 9 9 9 9 9 9 9 9 9
 9 9 9 9 9 9 9 9 9 9 9 9 9 9 9
 9 9 9 9 9 9 9 9 9 9 5 9 9 9 9
 9 9 9 9 9 9 9 9 9 5 5 1 9 9 9
 9 9 9 9 9 9 9 9 5 5 5 1 1 9 9
 9 9 9 9 9 9 9 4 8 1 1 1 1 1 9
 9 9 9 9 9 9 4 4 4 8 1 1 1 1 0
 9 9 9 9 9 4 4 4 0 0 0 1 1 0 0
 9 9 9 9 9 4 4 2 2 8 0 0 0 0 0
 9 9 9 9 2 8 2 2 1 1 0 0 0 0 0
 9 9 9 8 2 2 2 2 2 1 1 0 0 0 0
 9 9 8 8 8 8 2 8 2 8 1 0 0 0 9
# Turn information for samurai of side 1 with weapon 0
# <turn>
61
# <cure period>
0
# Samurai states: <position x> <position y> <hiding>
11 11 1
10 10 1
7 13 1
-1 -1 1
-1 -1 1
-1 -1 1
# Battle field states
 9 9 9 9 9 9 9 9 9 9 9 9 9 9 9
 9 9 9 9 9 9 9 9 9 9 9 9 9 9 9
 9 9 9 9 9 9 9 9 9 9 9 9 9 9 9
 9 9 9 9 9 9 9 9 9 9 9 9 9 9 9
 9 9 9 9 9 9 9 9 9 9 9 9 9 9 9
 9 9 9 9 9 9 9 9 9 9 5 9 9 9 9
 9 9 9 9 9 9 9 9 9 5 5 1 9 9 9
 9 9 9 9 9 9 9 9 5 5 5 1 1 9 9
 9 9 9 9 9 9 9 3 3 3 3 3 1 1 9
 9 9 9 9 9 9 4 3 4 8 1 1 1 1 0
 9 9 9 9 9 4 4 3 0 0 0 1 1 0 0
 9 9 9 9 2 4 4 3 2 8 0 0 0 0 0
 9 9 9 8 2 8 2 2 1 1 0 0 0 0 0
 9 9 8 8 2 2 2 2 2 1 1 0 0 0 0
 9 9 9 8 8 8 2 8 2 8 1 0 0 0 9
# Turn information for samurai of side 1 with weapon 0
# <turn>
66
# <cure period>
0
# Samurai states: <position x> <position y> <hiding>
10 11 0
9 11 1
5 13 1
-1 -1 1
-1 -1 1
-1 -1 1
# Battle field states
 9 9 9 9 9 9 9 9 9 9 9 9 9 9 9
 9 9 9 9 9 9 9 9 9 9 9 9 9 9 9
 9 9 9 9 9 9 9 9 9 9 9 9 9 9 9
 9 9 9 9 9 9 9 9 9 9 9 9 9 9 9
 9 9 9 9 9 9 9 9 9 9 9 9 9 9 9
 9 9 9 9 9 9 9 9 9 9 9 9 9 9 9
 9 9 9 9 9 9 9 9 9 5 5 9 9 9 9
 9 9 9 9 9 9 9 9 5 5 5 1 9 9 9
 9 9 9 9 9 4 9 3 3 3 3 3 1 9 9
 9 9 9 9 4 4 4 3 4 8 1 1 1 1 9
 9 9 9 3 4 4 4 3 0 0 0 1 1 0 0
 9 9 3 3 2 4 0 0 0 0 0 0 0 0 0
 9 8 8 8 2 8 2 2 1 1 0 0 0 0 0
 8 8 8 8 2 2 2 2 2 1 1 0 0 0 9
 9 8 8 8 8 8 2 8 2 8 1 0 0 9 9
# Turn information for samurai of side 1 with weapon 0
# <turn>
73
# <cure period>
0
# Samurai states: <position x> <position y> <hiding>
10 12 1
10 11 1
6 14 1
-1 -1 1
-1 -1 1
-1 -1 1
# Battle field states
 9 9 9 9 9 9 9 9 9 9 9 9 9 9 9
 9 9 9 9 9 9 9 9 9 9 9 9 9 9 9
 9 9 9 9 9 9 9 9 9 9 9 9 9 9 9
 9 9 9 9 9 9 9 9 9 9 9 9 9 9 9
 9 9 9 9 9 9 9 9 9 9 9 9 9 9 9
 9 9 9 9 9 9 9 9 9 9 9 9 9 9 9
 9 9 9 9 9 9 9 9 9 9 5 9 9 9 9
 9 9 9 9 9 9 9 9 9 5 0 1 9 9 9
 9 9 9 9 9 9 9 9 3 3 0 3 1 9 9
 9 9 9 9 9 9 4 3 4 8 0 1 1 1 9
 9 9 9 9 9 4 4 3 3 3 3 3 1 0 0
 9 9 9 9 2 4 0 3 0 0 0 0 0 0 0
 9 9 9 8 2 8 2 3 1 1 0 0 0 0 0
 9 9 8 8 2 2 2 3 2 1 1 0 0 0 0
 9 8 8 8 8 8 2 8 2 8 1 0 0 0 9
# Turn information for samurai of side 1 with weapon 0
# <turn>
78
# <cure period>
0
# Samurai states: <position x> <position y> <hiding>
12 11 1
10 12 1
4 14 0
-1 -1 1
-1 -1 1
-1 -1 1
# Battle field states
 9 9 9 9 9 9 9 9 9 9 9 9 9 9 9
 9 9 9 9 9 9 9 9 9 9 9 9 9 9 9
 9 9 9 9 9 9 9 9 9 9 9 9 9 9 9
 9 9 9 9 9 9 9 9 9 9 9 9 9 9 9
 9 9 9 9 9 9 9 9 9 9 9 9 9 9 9
 9 9 9 9 9 9 9 9 9 9 9 9 9 9 9
 9 9 9 9 9 9 9 9 9 9 9 9 5 9 9
 9 9 9 9 9 9 9 9 9 9 0 1 5 5 9
 9 9 9 9 9 9 9 9 9 3 0 3 5 1 5
 9 9 9 9 4 9 9 9 4 8 0 1 5 1 5
 9 9 9 3 4 4 9 3 3 3 3 3 1 0 0
 9 9 3 3 2 4 0 3 0 0 0 0 0 0 0
 9 8 8 8 2 8 2 3 1 1 0 0 0 0 0
 8 8 8 8 2 2 2 3 2 1 1 0 0 0 0
 8 8 8 8 8 8 2 8 2 8 1 0 0 0 8
# Turn information for samurai of side 1 with weapon 0
# <turn>
85
# <cure period>
0
# Samurai states: <position x> <position y> <hiding>
12 11 1
10 12 1
3 14 1
-1 -1 1
-1 -1 1
-1 -1 1
# Battle field states
 9 9 9 9 9 9 9 9 9 9 9 9 9 9 9
 9 9 9 9 9 9 9 9 9 9 9 9 9 9 9
 9 9 9 9 9 9 9 9 9 9 9 9 9 9 9
 9 9 9 9 9 9 9 9 9 9 9 9 9 9 9
 9 9 9 9 9 9 9 9 9 9 9 9 9 9 9
 9 9 9 9 9 9 9 9 9 9 9 9 9 9 9
 9 9 9 9 9 9 9 9 9 9 9 9 5 9 9
 9 9 9 9 9 9 9 9 9 9 0 1 5 5 9
 9 9 9 9 9 9 9 9 9 3 0 3 5 1 5
 9 9 9 3 9 9 9 9 4 8 0 1 5 1 5
 9 9 3 3 4 9 9 3 3 3 1 3 1 0 0
 9 8 3 3 2 4 0 3 3 1 1 0 0 0 0
 8 8 8 8 2 8 2 3 1 1 0 0 0 0 0
 8 8 8 2 2 2 2 3 3 1 1 0 0 0 0
 8 8 8 2 8 2 2 8 3 8 1 0 0 0 8
# Turn information for samurai of side 1 with weapon 0
# <turn>
90
# <cure period>
0
# Samurai states: <position x> <position y> <hiding>
13 11 1
12 13 1
3 13 1
-1 -1 1
-1 -1 1
-1 -1 1
# Battle field states
 9 9 9 9 9 9 9 9 9 9 9 9 9 9 9
 9 9 9 9 9 9 9 9 9 9 9 9 9 9 9
 9 9 9 9 9 9 9 9 9 9 9 9 9 9 9
 9 9 9 9 9 9 9 9 9 9 9 9 9 9 9
 9 9 9 9 9 9 9 9 9 9 9 9 9 9 9
 9 9 9 9 9 9 9 9 9 9 9 9 9 9 9
 9 9 9 9 9 9 9 9 9 9 9 9 9 5 9
 9 9 9 9 9 9 9 9 9 9 9 9 5 5 8
 9 9 9 3 9 9 9 9 9 9 9 3 5 1 5
 9 9 3 3 4 9 9 9 9 9 0 1 5 1 5
 9 8 3 3 4 4 9 9 9 3 1 3 1 0 0
 8 8 3 3 2 4 0 9 3 1 1 0 0 0 0
 8 8 8 8 2 8 2 3 1 1 0 0 0 0 0
 8 8 8 2 2 2 2 3 3 1 1 0 0 0 0
 8 8 8 2 8 2 2 8 3 8 1 0 0 0 8
