# <# turns> <side> <weapon> <width> <height> <cure period>
96 0 1 15 15 20
# Home positions
0 0
0 7
7 0
14 14
14 7
7 14
# Ranks and scores of samurai
0 0
0 0
0 0
0 0
0 0
0 0
# Turn information for samurai of side 0 with weapon 1
# <turn>
3
# <cure period>
0
# Samurai states: <position x> <position y> <hiding>
0 1 0
0 7 0
7 0 0
-1 -1 1
-1 -1 1
-1 -1 1
# Battle field states
 8 0 0 0 0 8 8 8 8 8 8 8 8 9 9
 8 8 8 8 8 8 8 8 8 8 8 8 9 9 9
 8 8 8 8 8 8 8 8 8 8 8 9 9 9 9
 8 8 8 8 9 8 8 8 8 8 9 9 9 9 9
 8 8 8 9 9 9 8 8 8 9 9 9 9 9 9
 8 8 8 8 9 9 9 8 9 9 9 9 9 9 9
 8 8 8 8 8 9 9 9 9 9 9 9 9 9 9
 8 8 8 8 8 8 9 9 9 9 9 9 9 9 9
 8 8 8 8 8 9 9 9 9 9 9 9 9 9 9
 8 8 8 8 9 9 9 9 9 9 9 9 9 9 9
 8 8 8 9 9 9 9 9 9 9 9 9 9 9 9
 8 8 9 9 9 9 9 9 9 9 9 9 9 9 9
 8 9 9 9 9 9 9 9 9 9 9 9 9 9 9
 9 9 9 9 9 9 9 9 9 9 9 9 9 9 9
 9 9 9 9 9 9 9 9 9 9 9 9 9 9 9
# Turn information for samurai of side 0 with weapon 1
# <turn>
8
# <cure period>
0
# Samurai states: <position x> <position y> <hiding>
1 1 0
1 7 0
7 1 0
-1 -1 1
-1 -1 1
-1 -1 1
# Battle field states
 8 0 0 0 0 8 2 8 2 8 8 8 9 9 9
 8 8 8 8 8 8 2 8 2 8 8 8 8 9 9
 0 8 8 8 8 8 2 2 2 8 8 8 9 9 9
 0 8 8 8 8 8 8 8 8 8 8 9 9 9 9
 0 8 8 8 9 8 8 8 8 8 9 9 9 9 9
 0 8 8 8 8 9 8 8 8 9 9 9 9 9 9
 8 8 8 8 8 8 9 8 9 9 9 9 9 9 9
 8 8 1 1 8 8 8 9 9 9 9 9 9 9 9
 8 1 1 8 8 8 9 9 9 9 9 9 9 9 9
 8 1 8 8 8 9 9 9 9 9 9 9 9 9 9
 8 8 8 8 9 9 9 9 9 9 9 9 9 9 9
 8 8 8 9 9 9 9 9 9 9 9 9 9 9 9
 9 8 9 9 9 9 9 9 9 9 9 9 9 9 9
 9 9 9 9 9 9 9 9 9 9 9 9 9 9 9
 9 9 9 9 9 9 9 9 9 9 9 9 9 9 9
# Turn information for samurai of side 0 with weapon 1
# <turn>
15
# <cure period>
0
# Samurai states: <position x> <position y> <hiding>
1 2 0
2 7 1
7 4 0
-1 -1 1
-1 -1 1
-1 -1 1
# Battle field states
 8 0 0 0 0 9 2 8 2 9 9 9 9 9 9
 8 8 8 8 8 8 2 8 2 8 9 9 9 9 9
 0 8 8 8 8 8 2 2 2 8 8 9 9 9 9
 0 0 8 8 8 8 8 8 8 8 8 8 9 9 9
 0 0 8 8 8 8 8 8 8 8 8 8 4 9 9
 0 0 1 8 8 8 8 8 8 8 8 8 9 9 9
 8 0 1 1 8 8 8 8 8 8 8 9 9 9 9
 8 8 1 1 1 8 8 8 8 8 9 9 9 9 9
 8 1 1 8 8 8 8 8 8 9 9 9 9 9 9
 8 1 8 8 8 8 9 8 9 9 9 9 9 9 9
 8 8 8 8 8 9 9 9 9 9 9 9 9 9 9
 9 8 8 8 9 9 9 9 9 9 9 9 9 9 9
 9 9 8 9 9 9 9 9 9 9 9 9 9 9 9
 9 9 9 9 9 9 9 9 9 9 9 9 9 9 9
 9 9 9 9 9 9 9 9 9 9 9 9 9 9 9
# Turn information for samurai of side 0 with weapon 1
# <turn>
20
# <cure period>
0
# Samurai states: <position x> <position y> <hiding>
1 3 1
3 7 0
7 5 0
-1 -1 1
-1 -1 1
7 10 0
# Battle field states
 8 0 0 0 9 9 9 8 9 9 9 9 9 9 9
 8 8 8 8 8 9 2 8 2 9 9 9 9 9 9
 0 8 8 8 8 8 2 2 2 8 9 9 9 9 9
 0 0 0 0 0 0 8 8 8 8 8 9 9 9 9
 0 0 8 8 8 8 2 2 2 8 8 8 9 9 9
 0 0 1 8 8 8 8 8 2 8 8 8 4 9 9
 8 0 1 1 8 8 2 2 2 8 8 4 9 9 9
 8 8 1 1 1 1 8 8 8 8 4 9 9 9 9
 8 1 1 1 1 8 8 8 8 8 9 9 9 9 9
 8 1 8 1 8 8 8 8 8 9 9 9 9 9 9
 9 8 8 8 8 8 9 8 9 9 9 9 9 9 9
 9 9 8 8 8 9 9 9 9 9 9 9 9 9 9
 9 9 9 8 9 9 9 9 9 9 9 9 9 9 9
 9 9 9 9 9 9 9 9 9 9 9 9 9 9 9
 9 9 9 9 9 9 9 9 9 9 9 9 9 9 9
# Turn information for samurai of side 0 with weapon 1
# <turn>
27
# <cure period>
0
# Samurai states: <position x> <position y> <hiding>
1 4 0
4 7 1
7 8 0
-1 -1 1
-1 -1 1
7 11 0
# Battle field states
 8 0 0 9 9 9 9 9 9 9 9 9 9 9 9
 8 8 8 8 9 9 9 9 9 9 9 9 9 9 9
 0 8 8 8 8 9 9 9 9 9 9 9 9 9 9
 0 0 0 0 0 0 9 8 9 9 9 9 9 9 9
 0 0 0 0 0 0 2 2 2 9 9 9 9 9 9
 0 0 1 8 1 8 8 8 2 8 9 9 9 9 9
 8 0 1 1 1 1 2 2 2 4 4 9 9 9 9
 8 8 1 1 1 1 1 8 8 8 4 4 9 9 9
 8 1 1 1 1 8 8 8 8 8 8 3 8 9 9
 9 1 8 1 8 8 5 5 5 8 8 3 9 9 9
 9 9 8 8 8 8 5 8 5 8 8 9 9 9 9
 9 9 9 8 8 8 5 5 5 8 9 9 9 9 9
 9 9 9 9 8 9 5 5 5 9 9 9 9 9 9
 9 9 9 9 9 9 9 5 9 9 9 9 9 9 9
 9 9 9 9 9 9 9 9 9 9 9 9 9 9 9
# Turn information for samurai of side 0 with weapon 1
# <turn>
32
# <cure period>
0
# Samurai states: <position x> <position y> <hiding>
3 5 0
5 7 0
6 6 1
-1 -1 1
-1 -1 1
-1 -1 1
# Battle field states
 9 9 9 0 9 9 9 9 9 9 9 9 9 9 9
 9 9 8 8 8 9 2 9 9 9 9 9 9 9 9
 9 8 8 8 8 8 2 2 9 9 9 9 9 9 9
 0 0 0 0 0 0 8 8 8 9 9 9 9 9 9
 0 0 0 0 0 0 2 2 2 8 9 9 9 9 9
 0 0 1 8 1 8 8 8 2 8 4 9 9 9 9
 8 0 1 1 1 1 2 2 2 4 4 4 9 9 9
 8 8 1 1 1 1 1 1 8 8 4 9 9 9 9
 9 1 1 1 1 1 1 8 8 8 9 9 9 9 9
 9 9 8 1 8 1 5 5 5 9 9 9 9 9 9
 9 9 9 8 8 8 5 5 9 9 9 9 9 9 9
 9 9 9 9 8 8 5 9 9 9 9 9 9 9 9
 9 9 9 9 9 8 9 9 9 9 9 9 9 9 9
 9 9 9 9 9 9 9 9 9 9 9 9 9 9 9
 9 9 9 9 9 9 9 9 9 9 9 9 9 9 9
# Turn information for samurai of side 0 with weapon 1
# <turn>
39
# <cure period>
0
# Samurai states: <position x> <position y> <hiding>
6 5 1
5 8 1
7 6 0
-1 -1 1
-1 -1 1
-1 -1 1
# Battle field states
 9 9 9 9 9 9 2 9 9 9 9 9 9 9 9
 9 9 9 9 9 8 2 8 9 9 9 9 9 9 9
 9 9 9 9 8 8 2 2 2 9 9 9 9 9 9
 9 9 9 0 0 0 8 8 8 8 9 9 9 9 9
 9 9 0 0 0 0 2 2 2 8 8 9 9 9 9
 9 0 1 8 1 2 2 2 2 8 4 4 9 9 9
 9 9 1 1 1 2 2 2 2 4 4 4 4 9 9
 9 8 1 1 1 2 2 2 8 8 4 4 9 9 9
 8 1 1 1 1 1 1 1 8 8 8 9 9 9 9
 9 1 8 1 8 1 1 5 5 8 9 9 9 9 9
 9 9 8 8 8 1 5 5 5 9 9 9 9 9 9
 9 9 9 8 8 8 5 5 9 9 9 9 9 9 9
 9 9 9 9 8 8 5 9 9 9 9 9 9 9 9
 9 9 9 9 9 8 9 9 9 9 9 9 9 9 9
 9 9 9 9 9 9 9 9 9 9 9 9 9 9 9
# Turn information for samurai of side 0 with weapon 1
# <turn>
44
# <cure period>
0
# Samurai states: <position x> <position y> <hiding>
7 5 0
7 7 0
8 4 1
-1 -1 1
-1 -1 1
-1 -1 1
# Battle field states
 9 9 9 9 9 9 9 8 2 8 9 9 9 9 9
 9 9 9 9 9 9 2 8 2 8 8 9 9 9 9
 9 9 9 9 9 8 2 2 2 8 8 8 9 9 9
 9 9 9 9 0 0 8 8 8 8 8 8 8 9 9
 9 9 9 0 0 0 2 2 2 8 8 4 4 8 9
 9 9 1 8 1 2 2 2 0 0 0 0 4 9 9
 9 9 9 1 1 2 2 2 2 4 4 4 9 9 9
 9 9 1 1 1 2 2 2 8 8 4 4 4 9 9
 9 9 9 1 1 1 1 1 8 8 8 3 9 9 9
 9 9 9 9 8 1 1 5 5 8 8 9 9 9 9
 9 9 9 9 9 1 5 5 5 5 9 9 9 9 9
 9 9 9 9 9 9 5 5 5 9 9 9 9 9 9
 9 9 9 9 9 9 9 5 9 9 9 9 9 9 9
 9 9 9 9 9 9 9 9 9 9 9 9 9 9 9
 9 9 9 9 9 9 9 9 9 9 9 9 9 9 9
# Turn information for samurai of side 0 with weapon 1
# <turn>
51
# <cure period>
0
# Samurai states: <position x> <position y> <hiding>
7 6 1
7 8 1
10 5 1
-1 -1 1
-1 -1 1
-1 -1 1
# Battle field states
 9 9 9 9 9 9 9 9 9 9 8 9 9 9 9
 9 9 9 9 9 9 9 8 9 8 8 8 9 9 9
 9 9 9 9 9 9 2 2 2 8 8 8 8 9 9
 9 9 9 9 9 0 8 8 8 8 8 8 8 8 9
 9 9 9 9 0 0 2 2 2 8 8 4 4 8 8
 9 9 9 8 1 2 2 2 0 0 0 4 4 4 8
 9 9 1 1 1 2 2 2 0 0 0 4 4 4 4
 9 9 9 1 1 2 2 2 8 4 4 4 4 4 9
 9 9 1 1 1 1 1 1 1 4 4 3 3 9 9
 9 9 9 1 8 1 1 3 3 3 3 3 9 9 9
 9 9 9 9 8 1 5 1 5 5 8 9 9 9 9
 9 9 9 9 9 8 5 5 5 5 9 9 9 9 9
 9 9 9 9 9 9 5 5 5 9 9 9 9 9 9
 9 9 9 9 9 9 9 5 9 9 9 9 9 9 9
 9 9 9 9 9 9 9 9 9 9 9 9 9 9 9
# Turn information for samurai of side 0 with weapon 1
# <turn>
56
# <cure period>
0
# Samurai states: <position x> <position y> <hiding>
7 7 0
8 6 1
10 4 0
-1 -1 1
-1 -1 1
-1 -1 1
# Battle field states
 9 9 9 9 9 9 9 9 9 8 8 8 9 9 9
 9 9 9 9 9 9 9 9 2 8 8 8 8 9 9
 9 9 9 9 9 9 9 2 2 8 8 8 8 8 9
 9 9 9 9 9 9 8 8 8 2 2 2 8 8 8
 9 9 9 9 9 0 2 2 2 2 8 2 4 8 8
 9 9 9 9 1 2 2 2 0 2 0 2 4 4 8
 9 9 9 1 1 2 2 2 0 0 0 4 4 4 9
 9 9 1 1 1 2 2 2 0 0 0 0 4 9 9
 9 9 9 1 1 1 1 1 1 4 4 3 9 9 9
 9 9 9 9 8 1 1 3 3 3 3 9 9 9 9
 9 9 9 9 9 1 5 1 5 5 9 9 9 9 9
 9 9 9 9 9 9 5 5 5 9 9 9 9 9 9
 9 9 9 9 9 9 9 5 9 9 9 9 9 9 9
 9 9 9 9 9 9 9 9 9 9 9 9 9 9 9
 9 9 9 9 9 9 9 9 9 9 9 9 9 9 9
# Turn information for samurai of side 0 with weapon 1
# <turn>
63
# <cure period>
0
# Samurai states: <position x> <position y> <hiding>
7 4 1
7 7 1
10 1 0
-1 -1 1
-1 -1 1
-1 -1 1
# Battle field states
 9 9 9 9 9 9 2 8 2 8 8 8 8 8 8
 9 9 9 9 9 8 2 8 2 8 8 8 8 8 8
 9 9 9 9 8 8 2 2 2 8 8 8 8 8 8
 9 9 9 0 0 0 8 8 8 2 2 2 8 8 9
 9 9 0 0 0 0 2 2 2 2 8 2 4 9 9
 9 9 9 8 1 2 2 2 0 2 0 2 9 9 9
 9 9 9 1 1 2 2 2 0 0 0 4 9 9 9
 9 9 1 1 1 2 2 2 0 0 0 0 4 9 9
 9 9 9 1 1 1 1 1 1 4 4 3 9 9 9
 9 9 9 9 8 1 1 3 3 3 3 9 9 9 9
 9 9 9 9 9 1 5 1 5 5 9 9 9 9 9
 9 9 9 9 9 9 5 5 5 9 9 9 9 9 9
 9 9 9 9 9 9 9 5 9 9 9 9 9 9 9
 9 9 9 9 9 9 9 9 9 9 9 9 9 9 9
 9 9 9 9 9 9 9 9 9 9 9 9 9 9 9
# Turn information for samurai of side 0 with weapon 1
# <turn>
68
# <cure period>
0
# Samurai states: <position x> <position y> <hiding>
8 4 0
7 8 0
11 1 0
-1 -1 1
-1 -1 1
-1 -1 1
# Battle field states
 9 9 9 9 9 9 9 8 2 8 2 2 2 8 8
 9 9 9 9 9 9 2 8 2 8 8 8 2 8 8
 9 9 9 9 9 8 2 2 2 8 2 2 2 8 8
 9 9 9 9 0 0 8 8 8 2 2 2 8 8 8
 9 9 9 0 0 0 2 2 2 0 0 0 0 8 9
 9 9 9 9 1 2 2 2 0 2 0 2 4 9 9
 9 9 9 9 1 2 2 2 0 0 0 4 9 9 9
 9 9 9 1 1 2 2 2 0 0 0 0 9 9 9
 9 9 1 1 1 1 1 1 1 1 4 3 3 9 9
 9 9 9 1 8 1 1 1 1 3 3 3 9 9 9
 9 9 9 9 8 1 5 1 5 5 8 9 9 9 9
 9 9 9 9 9 8 5 5 5 5 9 9 9 9 9
 9 9 9 9 9 9 5 5 5 9 9 9 9 9 9
 9 9 9 9 9 9 9 5 9 9 9 9 9 9 9
 9 9 9 9 9 9 9 9 9 9 9 9 9 9 9
# Turn information for samurai of side 0 with weapon 1
# <turn>
75
# <cure period>
0
# Samurai states: <position x> <position y> <hiding>
8 7 1
7 9 1
12 1 1
13 7 0
-1 -1 1
-1 -1 1
# Battle field states
 9 9 9 9 9 9 9 9 2 8 2 2 2 2 8
 9 9 9 9 9 9 9 8 2 8 8 2 2 2 8
 9 9 9 9 9 9 9 9 2 8 2 2 2 2 8
 9 9 9 9 9 9 9 8 8 2 2 2 8 8 8
 9 9 9 9 9 9 2 2 2 0 0 0 0 8 8
 9 9 9 9 9 2 2 2 0 2 0 2 4 4 9
 9 9 9 9 1 2 2 2 0 0 0 4 4 9 9
 9 9 9 1 1 2 2 2 0 3 3 3 3 4 9
 9 9 9 1 1 1 1 1 1 1 4 3 3 9 9
 9 9 8 1 8 1 1 1 1 1 3 3 3 9 9
 9 9 9 8 8 1 5 1 1 5 8 3 9 9 9
 9 9 9 9 8 8 5 1 5 5 8 9 9 9 9
 9 9 9 9 9 8 5 5 5 5 9 9 9 9 9
 9 9 9 9 9 9 5 5 5 9 9 9 9 9 9
 9 9 9 9 9 9 9 8 9 9 9 9 9 9 9
# Turn information for samurai of side 0 with weapon 1
# <turn>
80
# <cure period>
0
# Samurai states: <position x> <position y> <hiding>
9 7 0
7 10 0
13 1 0
-1 -1 1
14 7 0
6 13 0
# Battle field states
 9 9 9 9 9 9 9 9 9 8 2 2 2 2 2
 9 9 9 9 9 9 9 9 2 8 8 2 2 2 2
 9 9 9 9 9 9 9 9 9 8 2 2 2 2 2
 9 9 9 9 9 9 9 9 8 2 2 2 8 8 8
 9 9 9 9 9 9 9 2 2 0 0 0 0 8 8
 9 9 9 9 9 9 2 2 0 2 0 2 4 4 8
 9 9 9 9 9 2 2 2 0 0 0 4 4 4 9
 9 9 9 9 1 2 2 2 0 0 0 0 0 4 8
 9 9 9 9 1 1 1 1 1 1 4 3 3 4 9
 9 9 9 1 8 1 1 1 1 1 3 3 3 9 9
 9 9 8 8 8 1 1 1 1 5 8 3 3 9 9
 9 9 9 8 8 8 1 1 5 5 8 3 9 9 9
 9 9 9 9 8 5 5 5 5 5 3 9 9 9 9
 9 9 9 9 9 5 5 5 5 3 9 9 9 9 9
 9 9 9 9 9 9 5 8 5 9 9 9 9 9 9
# Turn information for samurai of side 0 with weapon 1
# <turn>
87
# <cure period>
0
# Samurai states: <position x> <position y> <hiding>
9 8 1
7 10 1
10 1 0
-1 -1 1
-1 -1 1
7 14 0
# Battle field states
 9 9 9 9 9 9 2 8 2 8 2 2 2 2 2
 9 9 9 9 9 8 2 8 2 8 8 2 2 2 2
 9 9 9 9 9 9 2 2 2 8 2 2 2 2 2
 9 9 9 9 9 9 9 8 8 2 2 2 8 8 9
 9 9 9 9 9 9 9 9 2 0 0 0 0 9 9
 9 9 9 9 9 9 9 2 0 2 0 2 9 9 9
 9 9 9 9 9 9 2 2 0 0 0 4 4 9 9
 9 9 9 9 9 2 2 2 0 0 0 0 0 4 9
 9 9 9 9 1 1 1 1 1 1 0 0 0 0 4
 9 9 9 1 8 1 1 1 1 1 3 3 3 8 9
 9 9 8 8 8 1 1 1 1 1 8 3 3 9 9
 9 9 9 8 8 8 1 1 1 5 8 3 9 9 9
 9 9 9 9 8 5 5 1 5 5 3 9 9 9 9
 9 9 9 9 9 5 5 5 5 3 9 9 9 9 9
 9 9 9 9 9 9 5 8 5 9 9 9 9 9 9
# Turn information for samurai of side 0 with weapon 1
# <turn>
92
# <cure period>
0
# Samurai states: <position x> <position y> <hiding>
9 9 0
5 11 0
9 1 0
10 10 0
-1 -1 1
-1 -1 1
# Battle field states
 9 9 9 9 9 8 2 8 2 2 2 2 2 2 9
 9 9 9 9 8 8 2 8 2 8 2 2 2 2 2
 9 9 9 9 9 8 2 2 2 2 2 2 2 2 9
 9 9 9 9 9 9 8 8 8 2 2 2 8 9 9
 9 9 9 9 9 9 9 2 2 0 0 0 9 9 9
 9 9 9 9 9 9 9 9 0 2 0 9 9 9 9
 9 9 9 9 9 2 9 2 0 0 0 4 9 9 9
 9 9 9 9 1 2 2 2 0 0 0 0 0 9 9
 9 9 9 1 1 1 1 1 1 1 0 0 0 0 9
 9 9 8 1 8 1 1 1 1 1 3 3 3 8 4
 9 8 8 8 8 1 3 3 3 0 8 3 3 3 9
 8 8 8 8 8 8 1 1 1 0 8 3 3 9 9
 9 8 8 8 8 5 5 5 5 0 3 3 9 9 9
 9 9 8 8 8 5 5 5 5 0 3 9 9 9 9
 9 9 9 8 8 5 5 8 9 3 9 9 9 9 9
