# <# turns> <side> <weapon> <width> <height> <cure period>
96 0 0 15 15 20
# Home positions
0 0
0 7
7 0
14 14
14 7
7 14
# Ranks and scores of samurai
0 0
0 0
0 0
0 0
0 0
0 0
# Turn information for samurai of side 0 with weapon 0
# <turn>
0
# <cure period>
0
# Samurai states: <position x> <position y> <hiding>
0 0 0
0 7 0
7 0 0
-1 -1 1
-1 -1 1
-1 -1 1
# Battle field states
 8 8 8 8 8 8 8 8 8 8 8 8 8 9 9
 8 8 8 8 8 8 8 8 8 8 8 8 9 9 9
 8 8 8 8 8 8 8 8 8 8 8 9 9 9 9
 8 8 8 9 9 8 8 8 8 8 9 9 9 9 9
 8 8 8 9 9 9 8 8 8 9 9 9 9 9 9
 8 8 8 8 9 9 9 8 9 9 9 9 9 9 9
 8 8 8 8 8 9 9 9 9 9 9 9 9 9 9
 8 8 8 8 8 8 9 9 9 9 9 9 9 9 9
 8 8 8 8 8 9 9 9 9 9 9 9 9 9 9
 8 8 8 8 9 9 9 9 9 9 9 9 9 9 9
 8 8 8 9 9 9 9 9 9 9 9 9 9 9 9
 8 8 9 9 9 9 9 9 9 9 9 9 9 9 9
 8 9 9 9 9 9 9 9 9 9 9 9 9 9 9
 9 9 9 9 9 9 9 9 9 9 9 9 9 9 9
 9 9 9 9 9 9 9 9 9 9 9 9 9 9 9
# Turn information for samurai of side 0 with weapon 0
# <turn>
7
# <cure period>
0
# Samurai states: <position x> <position y> <hiding>
0 1 0
1 7 0
7 1 0
-1 -1 1
-1 -1 1
-1 -1 1
# Battle field states
 8 8 8 8 8 8 2 8 2 8 8 8 9 9 9
 8 8 8 8 8 8 2 8 2 8 8 8 8 9 9
 0 8 8 8 8 8 2 2 2 8 8 8 9 9 9
 0 8 8 8 8 8 8 8 8 8 8 9 9 9 9
 0 8 8 8 9 8 8 8 8 8 9 9 9 9 9
 0 1 8 8 8 9 8 8 8 9 9 9 9 9 9
 8 1 1 8 8 8 9 8 9 9 9 9 9 9 9
 8 8 1 1 8 8 8 9 9 9 9 9 9 9 9
 8 8 8 8 8 8 9 9 9 9 9 9 9 9 9
 8 8 8 8 8 9 9 9 9 9 9 9 9 9 9
 8 8 8 8 9 9 9 9 9 9 9 9 9 9 9
 8 8 8 9 9 9 9 9 9 9 9 9 9 9 9
 9 8 9 9 9 9 9 9 9 9 9 9 9 9 9
 9 9 9 9 9 9 9 9 9 9 9 9 9 9 9
 9 9 9 9 9 9 9 9 9 9 9 9 9 9 9
# Turn information for samurai of side 0 with weapon 0
# <turn>
12
# <cure period>
0
# Samurai states: <position x> <position y> <hiding>
1 1 0
1 8 0
7 4 0
-1 -1 1
-1 -1 1
-1 -1 1
# Battle field states
 8 8 8 8 8 8 2 8 2 9 9 9 9 9 9
 8 8 0 0 0 0 2 8 2 8 9 9 9 9 9
 0 8 8 8 8 8 2 2 2 8 8 9 9 9 9
 0 8 8 8 8 8 8 8 8 8 8 8 9 9 9
 0 8 8 8 8 8 8 8 8 8 8 8 8 9 9
 0 1 8 8 8 8 8 8 8 8 8 8 9 9 9
 8 1 1 8 8 8 8 8 8 8 8 9 9 9 9
 8 8 1 1 8 8 8 8 8 8 9 9 9 9 9
 8 8 1 1 8 8 8 8 8 9 9 9 9 9 9
 8 1 1 8 8 8 9 8 9 9 9 9 9 9 9
 8 1 8 8 8 9 9 9 9 9 9 9 9 9 9
 8 8 8 8 9 9 9 9 9 9 9 9 9 9 9
 8 8 8 9 9 9 9 9 9 9 9 9 9 9 9
 9 8 9 9 9 9 9 9 9 9 9 9 9 9 9
 9 9 9 9 9 9 9 9 9 9 9 9 9 9 9
# Turn information for samurai of side 0 with weapon 0
# <turn>
19
# <cure period>
0
# Samurai states: <position x> <position y> <hiding>
1 2 0
2 8 1
7 5 0
-1 -1 1
-1 -1 1
-1 -1 1
# Battle field states
 8 8 8 8 8 9 9 8 9 9 9 9 9 9 9
 8 8 0 0 0 0 2 8 2 9 9 9 9 9 9
 0 8 0 0 0 0 2 2 2 8 9 9 9 9 9
 0 8 8 8 8 8 8 8 8 8 8 9 9 9 9
 0 8 8 8 8 8 2 8 2 8 8 8 9 9 9
 0 1 8 8 8 8 2 8 2 8 8 8 4 9 9
 8 1 1 8 8 8 2 2 2 8 8 4 9 9 9
 8 8 1 1 8 8 8 8 8 4 4 9 9 9 9
 1 1 1 1 8 8 8 8 8 8 9 9 9 9 9
 8 1 1 8 8 8 8 8 8 9 9 9 9 9 9
 8 1 1 8 8 8 9 8 9 9 9 9 9 9 9
 8 8 8 8 8 9 9 9 9 9 9 9 9 9 9
 9 8 8 8 9 9 9 9 9 9 9 9 9 9 9
 9 9 8 9 9 9 9 9 9 9 9 9 9 9 9
 9 9 9 9 9 9 9 9 9 9 9 9 9 9 9
# Turn information for samurai of side 0 with weapon 0
# <turn>
24
# <cure period>
0
# Samurai states: <position x> <position y> <hiding>
1 3 0
3 8 0
8 5 1
-1 -1 1
-1 -1 1
-1 -1 1
# Battle field states
 8 8 8 8 9 9 9 9 2 9 9 9 9 9 9
 8 8 0 0 0 9 9 8 2 8 9 9 9 9 9
 0 8 0 0 0 0 2 2 2 8 8 9 9 9 9
 0 8 0 0 0 0 8 8 8 8 8 8 9 9 9
 0 8 8 8 8 8 2 2 2 2 8 8 8 9 9
 0 1 8 8 8 8 2 2 2 2 8 8 4 8 9
 8 1 1 8 8 8 2 2 2 2 8 4 4 9 9
 8 8 1 1 8 8 8 8 8 4 4 4 9 9 9
 1 1 1 1 1 1 8 8 8 8 4 9 9 9 9
 8 1 1 1 1 8 8 8 8 8 9 9 9 9 9
 8 1 1 1 8 8 8 9 8 9 9 9 9 9 9
 9 8 8 8 5 5 9 9 9 9 9 9 9 9 9
 9 9 8 8 5 9 9 9 9 9 9 9 9 9 9
 9 9 9 8 9 9 9 9 9 9 9 9 9 9 9
 9 9 9 9 9 9 9 9 9 9 9 9 9 9 9
# Turn information for samurai of side 0 with weapon 0
# <turn>
31
# <cure period>
0
# Samurai states: <position x> <position y> <hiding>
1 4 0
4 8 1
8 6 0
-1 -1 1
-1 -1 1
-1 -1 1
# Battle field states
 8 8 8 9 9 9 9 9 9 9 9 9 9 9 9
 8 8 0 0 9 9 9 9 2 9 9 9 9 9 9
 0 8 0 0 0 9 9 2 2 8 9 9 9 9 9
 0 8 0 0 0 0 8 8 8 8 8 9 9 9 9
 0 8 0 0 0 0 2 2 2 2 8 8 9 9 9
 0 1 8 8 8 8 2 2 2 2 8 8 4 9 9
 8 1 1 8 1 8 2 2 2 2 8 4 4 4 9
 8 8 1 1 1 1 8 2 2 2 4 4 4 9 9
 1 1 1 1 1 1 1 8 8 8 4 4 9 9 9
 8 1 1 1 1 8 8 8 8 3 3 9 9 9 9
 9 1 1 1 8 8 8 8 8 3 9 9 9 9 9
 9 9 8 8 5 5 5 9 5 9 9 9 9 9 9
 9 9 9 8 5 5 9 9 9 9 9 9 9 9 9
 9 9 9 9 5 9 9 9 9 9 9 9 9 9 9
 9 9 9 9 9 9 9 9 9 9 9 9 9 9 9
# Turn information for samurai of side 0 with weapon 0
# <turn>
36
# <cure period>
0
# Samurai states: <position x> <position y> <hiding>
1 5 1
4 9 0
9 6 1
-1 -1 1
-1 -1 1
-1 -1 1
# Battle field states
 9 8 9 9 9 9 9 9 9 9 9 9 9 9 9
 8 8 0 9 9 9 9 9 9 8 9 9 9 9 9
 0 8 0 0 9 9 9 9 2 8 8 9 9 9 9
 0 8 0 0 0 9 9 8 8 8 8 8 9 9 9
 0 8 0 0 0 0 2 2 2 2 8 8 8 9 9
 0 1 0 0 0 0 2 2 2 2 2 8 4 8 9
 8 1 1 8 1 8 2 2 2 2 2 4 4 4 4
 8 8 1 1 1 1 8 2 2 2 2 4 4 4 9
 1 1 1 1 1 1 1 8 8 8 4 4 4 9 9
 8 1 1 1 1 1 1 8 8 3 3 4 9 9 9
 8 1 1 1 1 1 8 8 8 3 3 9 9 9 9
 9 8 8 8 1 5 5 5 9 3 9 9 9 9 9
 9 9 8 8 5 5 5 9 9 9 9 9 9 9 9
 9 9 9 8 5 5 9 9 9 9 9 9 9 9 9
 9 9 9 9 5 9 9 9 9 9 9 9 9 9 9
# Turn information for samurai of side 0 with weapon 0
# <turn>
43
# <cure period>
0
# Samurai states: <position x> <position y> <hiding>
1 6 0
0 7 0
10 6 0
-1 -1 1
-1 -1 1
-1 -1 1
# Battle field states
 9 9 9 9 9 9 9 9 9 9 9 9 9 9 9
 9 0 9 9 9 9 9 9 9 9 8 9 9 9 9
 0 0 0 9 9 9 9 9 9 8 8 8 9 9 9
 0 0 0 0 9 9 9 9 8 8 8 8 8 9 9
 0 0 0 0 0 9 9 2 2 2 8 8 8 8 9
 0 1 0 0 0 0 2 2 2 2 2 2 4 8 4
 8 1 1 8 1 8 2 2 2 2 2 2 4 4 4
 8 8 1 1 1 1 8 2 2 2 2 2 4 4 8
 1 1 1 1 1 9 9 8 8 8 4 4 4 4 9
 8 1 1 1 9 9 9 9 3 3 3 4 4 9 9
 8 1 1 9 9 9 9 9 9 3 3 4 9 9 9
 8 8 9 9 9 9 9 9 9 9 3 9 9 9 9
 8 9 9 9 9 9 9 9 9 9 9 9 9 9 9
 9 9 9 9 9 9 9 9 9 9 9 9 9 9 9
 9 9 9 9 9 9 9 9 9 9 9 9 9 9 9
# Turn information for samurai of side 0 with weapon 0
# <turn>
48
# <cure period>
0
# Samurai states: <position x> <position y> <hiding>
4 6 1
0 7 0
11 6 1
-1 -1 1
-1 -1 1
-1 -1 1
# Battle field states
 9 9 9 9 9 9 9 9 9 9 9 9 9 9 9
 9 9 9 9 0 9 9 9 9 9 9 8 9 9 9
 0 9 9 0 0 0 9 9 9 9 8 8 8 9 9
 0 0 0 0 0 0 8 9 9 8 8 8 8 8 9
 0 0 0 0 0 0 2 2 2 2 8 8 8 8 8
 0 1 0 0 0 0 2 2 2 2 2 2 2 8 4
 8 1 1 8 1 8 2 2 2 2 2 2 2 4 4
 8 8 1 1 1 1 8 2 2 2 2 2 2 4 8
 1 1 1 1 1 1 1 8 8 8 4 4 4 4 8
 8 1 1 1 1 1 1 9 9 3 3 4 4 8 9
 8 1 1 1 5 5 9 9 9 9 3 4 3 9 9
 8 8 9 9 5 9 9 9 9 9 9 3 9 9 9
 8 9 9 9 9 9 9 9 9 9 9 9 9 9 9
 9 9 9 9 9 9 9 9 9 9 9 9 9 9 9
 9 9 9 9 9 9 9 9 9 9 9 9 9 9 9
# Turn information for samurai of side 0 with weapon 0
# <turn>
55
# <cure period>
0
# Samurai states: <position x> <position y> <hiding>
4 7 0
0 7 0
11 7 0
-1 -1 1
-1 -1 1
-1 -1 1
# Battle field states
 9 9 9 9 9 9 9 9 9 9 9 9 9 9 9
 9 9 9 9 9 9 9 9 9 9 9 9 9 9 9
 0 9 9 9 0 9 9 9 9 9 9 8 9 9 9
 0 0 9 0 0 0 9 9 9 9 8 8 8 9 9
 0 0 0 0 0 0 2 9 9 2 8 8 8 8 9
 0 1 0 0 0 0 2 2 2 2 2 2 2 8 4
 8 1 1 8 1 8 2 2 2 2 2 2 2 4 4
 8 8 1 1 1 1 8 2 2 2 2 2 2 4 8
 1 1 1 1 0 1 1 8 8 8 2 2 2 4 8
 8 1 1 1 0 1 1 8 3 3 3 4 4 8 8
 8 1 1 1 0 5 5 9 9 3 3 4 3 3 9
 8 8 9 8 3 3 9 9 9 9 3 3 3 9 9
 8 9 9 9 5 9 9 9 9 9 9 3 9 9 9
 9 9 9 9 9 9 9 9 9 9 9 9 9 9 9
 9 9 9 9 9 9 9 9 9 9 9 9 9 9 9
# Turn information for samurai of side 0 with weapon 0
# <turn>
60
# <cure period>
0
# Samurai states: <position x> <position y> <hiding>
5 7 1
0 7 0
7 0 0
-1 -1 1
-1 -1 1
7 10 0
# Battle field states
 9 9 8 8 8 8 2 8 2 8 8 8 8 9 9
 9 9 9 0 0 0 2 8 2 8 8 8 9 9 9
 0 9 9 9 0 0 2 2 2 8 8 9 9 9 9
 0 0 9 9 0 0 8 8 8 8 9 9 9 9 9
 0 0 0 0 0 0 2 2 2 9 9 9 9 9 9
 0 1 0 0 0 0 2 2 2 9 9 9 9 9 9
 8 1 1 8 1 8 2 2 2 2 9 9 9 9 9
 8 8 1 1 1 1 8 2 2 2 2 9 9 9 9
 1 1 1 1 0 0 1 8 8 8 9 9 9 9 9
 8 1 1 1 0 0 5 5 5 9 9 9 9 9 9
 8 1 1 1 0 0 5 8 9 9 9 9 9 9 9
 8 8 9 9 3 0 5 9 9 9 9 9 9 9 9
 8 9 9 9 9 5 9 9 9 9 9 9 9 9 9
 9 9 9 9 9 9 9 9 9 9 9 9 9 9 9
 9 9 9 9 9 9 9 9 9 9 9 9 9 9 9
# Turn information for samurai of side 0 with weapon 0
# <turn>
67
# <cure period>
0
# Samurai states: <position x> <position y> <hiding>
5 5 1
1 7 1
7 0 0
-1 -1 1
-1 -1 1
-1 -1 1
# Battle field states
 9 9 8 8 8 8 2 8 2 8 8 8 8 9 9
 9 9 9 0 0 0 2 8 2 8 8 8 9 9 9
 9 0 9 0 0 0 2 2 2 8 8 9 9 9 9
 0 0 0 0 0 0 8 8 8 8 9 9 9 9 9
 0 0 0 0 0 0 2 2 2 2 9 9 9 9 9
 1 1 0 0 0 0 2 2 2 2 2 9 9 9 9
 1 1 1 8 1 8 2 2 2 3 9 9 9 9 9
 8 1 1 1 1 1 8 2 2 9 9 9 9 9 9
 1 1 1 1 0 0 1 8 9 9 9 9 9 9 9
 8 1 1 1 0 0 5 9 9 9 9 9 9 9 9
 8 1 1 1 9 0 9 9 9 9 9 9 9 9 9
 8 8 8 9 9 9 9 9 9 9 9 9 9 9 9
 9 8 9 9 9 9 9 9 9 9 9 9 9 9 9
 9 9 9 9 9 9 9 9 9 9 9 9 9 9 9
 9 9 9 9 9 9 9 9 9 9 9 9 9 9 9
# Turn information for samurai of side 0 with weapon 0
# <turn>
72
# <cure period>
0
# Samurai states: <position x> <position y> <hiding>
6 5 0
4 7 1
7 0 0
-1 -1 1
-1 -1 1
-1 -1 1
# Battle field states
 9 9 8 8 8 8 2 8 2 8 8 8 8 9 9
 9 9 9 0 0 0 2 8 2 8 8 8 9 9 9
 9 9 9 9 0 0 2 2 2 8 8 9 9 9 9
 9 9 9 0 0 0 8 8 8 8 9 9 9 9 9
 9 9 0 0 0 0 2 2 2 2 8 9 9 9 9
 9 1 0 0 0 0 2 2 2 2 2 2 9 9 9
 1 1 1 8 1 8 0 2 2 3 2 9 9 9 9
 8 1 1 1 1 1 0 2 2 3 9 9 9 9 9
 1 1 1 1 0 0 0 8 8 9 9 9 9 9 9
 9 1 1 1 0 0 0 5 9 9 9 9 9 9 9
 9 9 1 1 0 0 5 9 9 9 9 9 9 9 9
 9 9 9 8 3 0 9 9 9 9 9 9 9 9 9
 9 9 9 9 5 9 9 9 9 9 9 9 9 9 9
 9 9 9 9 9 9 9 9 9 9 9 9 9 9 9
 9 9 9 9 9 9 9 9 9 9 9 9 9 9 9
# Turn information for samurai of side 0 with weapon 0
# <turn>
79
# <cure period>
0
# Samurai states: <position x> <position y> <hiding>
6 4 1
7 7 0
7 0 0
-1 -1 1
-1 -1 1
-1 -1 1
# Battle field states
 9 9 8 8 8 8 2 8 2 8 8 8 8 9 9
 9 9 9 0 0 0 2 8 2 8 8 8 9 9 9
 9 9 9 0 0 0 2 2 2 8 8 9 9 9 9
 9 9 0 0 0 0 8 8 8 8 8 9 9 9 9
 9 0 0 0 0 0 2 0 0 0 0 8 9 9 9
 9 9 0 0 0 0 2 2 2 2 2 9 9 9 9
 9 9 9 8 1 8 0 2 2 3 3 2 9 9 9
 9 9 1 1 1 1 0 2 2 3 3 4 4 9 9
 9 9 9 1 0 0 0 8 8 3 3 4 9 9 9
 9 9 9 9 0 0 0 5 5 3 3 9 9 9 9
 9 9 9 9 9 0 5 8 5 3 9 9 9 9 9
 9 9 9 9 9 9 5 5 5 9 9 9 9 9 9
 9 9 9 9 9 9 9 5 9 9 9 9 9 9 9
 9 9 9 9 9 9 9 9 9 9 9 9 9 9 9
 9 9 9 9 9 9 9 9 9 9 9 9 9 9 9
# Turn information for samurai of side 0 with weapon 0
# <turn>
84
# <cure period>
0
# Samurai states: <position x> <position y> <hiding>
6 7 0
8 7 1
8 2 1
-1 -1 1
-1 -1 1
-1 -1 1
# Battle field states
 9 9 9 9 9 8 2 8 2 8 8 8 9 9 9
 9 9 9 9 0 0 2 8 2 8 8 8 8 9 9
 9 9 9 0 0 0 2 2 2 8 8 8 8 8 9
 9 9 9 9 0 0 8 8 8 8 8 8 8 9 9
 9 9 9 9 0 0 2 0 0 0 0 8 9 9 9
 9 9 9 0 0 0 2 2 2 2 2 2 9 9 9
 9 9 1 8 1 8 0 2 2 3 3 2 4 9 9
 9 1 1 1 1 1 0 2 2 1 1 4 4 4 9
 9 9 1 1 0 0 0 8 1 1 3 4 4 9 9
 9 9 9 1 0 0 0 5 1 3 3 4 9 9 9
 9 9 9 9 0 0 5 8 5 3 3 9 9 9 9
 9 9 9 9 9 0 5 5 5 3 9 9 9 9 9
 9 9 9 9 9 9 5 9 3 9 9 9 9 9 9
 9 9 9 9 9 9 9 9 9 9 9 9 9 9 9
 9 9 9 9 9 9 9 9 9 9 9 9 9 9 9
# Turn information for samurai of side 0 with weapon 0
# <turn>
91
# <cure period>
0
# Samurai states: <position x> <position y> <hiding>
6 4 1
9 7 0
9 2 0
10 9 0
-1 -1 1
-1 -1 1
# Battle field states
 9 9 9 9 9 8 2 8 2 8 8 8 8 9 9
 9 9 9 9 0 0 2 2 2 2 8 8 8 8 9
 9 9 9 0 0 0 2 2 2 2 8 8 8 8 8
 9 9 0 0 0 0 8 2 2 2 8 8 8 8 9
 9 0 0 0 0 0 2 0 0 0 0 8 8 9 9
 9 9 0 0 0 0 2 2 2 1 3 3 2 9 9
 9 9 9 8 1 8 0 2 2 1 3 3 4 4 9
 9 9 9 9 1 1 0 2 2 1 3 1 4 4 8
 9 9 9 9 9 0 0 8 1 1 3 3 4 4 9
 9 9 9 9 9 9 0 5 1 3 3 4 4 9 9
 9 9 9 9 9 9 9 8 5 3 3 4 9 9 9
 9 9 9 9 9 9 9 9 5 3 3 9 9 9 9
 9 9 9 9 9 9 9 9 9 3 9 9 9 9 9
 9 9 9 9 9 9 9 9 9 9 9 9 9 9 9
 9 9 9 9 9 9 9 9 9 9 9 9 9 9 9
