# <# turns> <side> <weapon> <width> <height> <cure period>
96 0 2 15 15 20
# Home positions
0 0
0 7
7 0
14 14
14 7
7 14
# Ranks and scores of samurai
0 0
0 0
0 0
0 0
0 0
0 0
# Turn information for samurai of side 0 with weapon 2
# <turn>
4
# <cure period>
0
# Samurai states: <position x> <position y> <hiding>
1 0 0
1 7 0
7 0 0
-1 -1 1
-1 -1 1
-1 -1 1
# Battle field states
 8 8 8 8 8 8 8 8 8 8 8 8 8 9 9
 0 8 8 8 8 8 8 8 8 8 8 8 9 9 9
 0 8 8 8 8 8 8 8 8 8 8 9 9 9 9
 0 8 8 8 9 8 8 8 8 8 9 9 9 9 9
 0 8 8 8 9 9 8 8 8 9 9 9 9 9 9
 8 8 8 8 8 9 9 8 9 9 9 9 9 9 9
 8 8 8 8 8 8 9 9 9 9 9 9 9 9 9
 8 1 1 8 8 8 8 9 9 9 9 9 9 9 9
 1 1 8 8 8 8 9 9 9 9 9 9 9 9 9
 1 8 8 8 8 9 9 9 9 9 9 9 9 9 9
 8 8 8 8 9 9 9 9 9 9 9 9 9 9 9
 8 8 8 9 9 9 9 9 9 9 9 9 9 9 9
 9 8 9 9 9 9 9 9 9 9 9 9 9 9 9
 9 9 9 9 9 9 9 9 9 9 9 9 9 9 9
 9 9 9 9 9 9 9 9 9 9 9 9 9 9 9
# Turn information for samurai of side 0 with weapon 2
# <turn>
11
# <cure period>
0
# Samurai states: <position x> <position y> <hiding>
1 1 0
2 7 0
7 1 0
-1 -1 1
-1 -1 1
-1 -1 1
# Battle field states
 8 8 8 8 8 8 2 8 2 8 8 8 9 9 9
 0 8 0 0 0 0 2 8 2 8 8 8 8 9 9
 0 8 8 8 8 8 2 2 2 8 8 8 9 9 9
 0 8 8 8 8 8 8 8 8 8 8 9 9 9 9
 0 8 8 8 8 8 8 8 8 8 9 9 9 9 9
 8 8 1 8 8 8 8 8 8 9 9 9 9 9 9
 8 8 1 1 8 8 8 8 9 9 9 9 9 9 9
 8 1 1 1 1 8 8 8 9 9 9 9 9 9 9
 1 1 8 8 8 8 8 9 9 9 9 9 9 9 9
 1 8 8 8 8 8 9 9 9 9 9 9 9 9 9
 8 8 8 8 8 9 9 9 9 9 9 9 9 9 9
 9 8 8 8 9 9 9 9 9 9 9 9 9 9 9
 9 9 8 9 9 9 9 9 9 9 9 9 9 9 9
 9 9 9 9 9 9 9 9 9 9 9 9 9 9 9
 9 9 9 9 9 9 9 9 9 9 9 9 9 9 9
# Turn information for samurai of side 0 with weapon 2
# <turn>
16
# <cure period>
0
# Samurai states: <position x> <position y> <hiding>
1 2 0
2 8 0
7 2 1
-1 -1 1
-1 -1 1
-1 -1 1
# Battle field states
 8 8 8 8 8 8 2 8 2 8 8 9 9 9 9
 0 8 0 0 0 0 2 2 2 8 8 8 9 9 9
 0 8 8 8 8 8 2 2 2 8 8 8 8 9 9
 0 0 8 8 8 8 2 2 2 8 8 8 9 9 9
 0 0 8 8 8 8 8 8 8 8 8 9 9 9 9
 8 0 1 8 8 8 8 8 8 8 9 9 9 9 9
 8 0 1 1 8 8 8 8 8 9 9 9 9 9 9
 8 1 1 1 1 8 8 8 9 9 9 9 9 9 9
 1 1 8 1 1 8 8 8 9 9 9 9 9 9 9
 1 8 1 1 8 8 8 9 9 9 9 9 9 9 9
 8 8 1 8 8 8 9 9 9 9 9 9 9 9 9
 8 8 8 8 8 9 9 9 9 9 9 9 9 9 9
 9 8 8 8 9 9 9 9 9 9 9 9 9 9 9
 9 9 8 9 9 9 9 9 9 9 9 9 9 9 9
 9 9 9 9 9 9 9 9 9 9 9 9 9 9 9
# Turn information for samurai of side 0 with weapon 2
# <turn>
23
# <cure period>
0
# Samurai states: <position x> <position y> <hiding>
1 3 1
2 9 1
9 2 0
-1 -1 1
-1 -1 1
-1 -1 1
# Battle field states
 8 8 8 8 9 9 2 8 2 8 8 8 8 9 9
 0 8 0 0 0 0 2 2 2 8 8 8 8 8 9
 0 8 8 8 8 8 2 2 2 8 8 8 8 8 8
 0 0 0 0 0 0 2 2 2 8 8 8 8 8 9
 0 0 8 8 8 8 8 8 8 8 8 8 8 9 9
 8 0 1 8 8 9 9 8 8 8 8 4 9 9 9
 8 0 1 1 8 9 9 9 8 8 4 9 9 9 9
 8 1 1 1 1 8 9 9 9 4 9 9 9 9 9
 1 1 8 1 1 5 5 9 9 9 9 9 9 9 9
 1 1 1 1 8 5 5 5 9 9 9 9 9 9 9
 8 1 1 8 8 5 5 9 9 9 9 9 9 9 9
 8 8 1 8 8 8 9 9 9 9 9 9 9 9 9
 8 8 8 8 8 9 9 9 9 9 9 9 9 9 9
 9 8 8 8 9 9 9 9 9 9 9 9 9 9 9
 9 9 8 9 9 9 9 9 9 9 9 9 9 9 9
# Turn information for samurai of side 0 with weapon 2
# <turn>
28
# <cure period>
0
# Samurai states: <position x> <position y> <hiding>
1 4 0
1 10 1
9 1 1
-1 -1 1
-1 -1 1
-1 -1 1
# Battle field states
 8 0 8 9 9 8 2 8 2 8 8 8 8 8 9
 0 0 0 0 0 0 2 2 2 2 2 8 8 8 8
 0 0 8 8 8 8 2 2 2 8 2 8 8 8 9
 0 0 0 0 0 0 2 2 2 2 2 8 8 9 9
 0 0 8 8 8 8 8 8 8 8 4 8 9 9 9
 8 0 1 8 8 8 9 9 8 4 4 9 9 9 9
 8 0 1 1 8 9 9 9 9 4 9 9 9 9 9
 8 1 1 1 9 9 9 9 9 9 9 9 9 9 9
 1 1 8 1 1 9 9 9 9 9 9 9 9 9 9
 1 1 1 1 8 5 9 9 9 9 9 9 9 9 9
 8 1 1 8 8 5 5 9 9 9 9 9 9 9 9
 8 8 1 8 8 8 9 9 9 9 9 9 9 9 9
 8 8 8 8 8 9 9 9 9 9 9 9 9 9 9
 8 8 8 8 9 9 9 9 9 9 9 9 9 9 9
 8 8 8 9 9 9 9 9 9 9 9 9 9 9 9
# Turn information for samurai of side 0 with weapon 2
# <turn>
35
# <cure period>
0
# Samurai states: <position x> <position y> <hiding>
1 7 1
2 10 0
9 1 1
-1 -1 1
-1 -1 1
-1 -1 1
# Battle field states
 9 9 9 9 9 8 2 8 2 8 8 8 8 8 9
 9 9 9 9 0 0 2 2 2 2 2 8 8 8 8
 9 0 9 9 9 8 2 2 2 8 2 8 8 8 9
 0 0 0 9 9 9 2 2 2 2 2 8 8 9 9
 0 0 8 8 9 9 9 8 8 4 4 8 9 9 9
 8 0 1 8 8 9 9 9 4 4 4 9 9 9 9
 8 0 1 1 8 8 9 9 9 4 9 9 9 9 9
 8 1 1 1 1 8 8 9 9 9 9 9 9 9 9
 1 1 1 1 1 5 9 9 9 9 9 9 9 9 9
 1 1 1 1 8 5 5 9 9 9 9 9 9 9 9
 8 1 1 1 1 5 5 5 9 9 9 9 9 9 9
 8 8 1 8 8 8 8 9 9 9 9 9 9 9 9
 8 8 8 8 8 8 9 9 9 9 9 9 9 9 9
 8 8 8 8 8 9 9 9 9 9 9 9 9 9 9
 9 8 8 8 9 9 9 9 9 9 9 9 9 9 9
# Turn information for samurai of side 0 with weapon 2
# <turn>
40
# <cure period>
0
# Samurai states: <position x> <position y> <hiding>
1 5 1
2 11 1
8 1 1
-1 -1 1
8 6 0
-1 -1 1
# Battle field states
 9 0 9 9 8 8 2 8 2 8 8 8 8 9 9
 0 0 0 0 0 0 2 2 2 2 2 8 8 8 9
 0 0 8 8 8 8 2 2 2 8 2 8 8 9 9
 0 0 0 0 0 0 2 2 2 2 2 8 9 9 9
 0 0 8 8 8 8 8 8 4 4 4 9 9 9 9
 8 0 1 8 8 8 8 4 4 4 9 9 9 9 9
 8 0 1 1 8 8 9 9 4 9 9 9 9 9 9
 8 1 1 1 1 9 9 9 9 9 9 9 9 9 9
 1 1 1 1 1 9 9 9 9 9 9 9 9 9 9
 1 1 1 1 8 5 9 9 9 9 9 9 9 9 9
 8 1 1 1 1 5 5 9 9 9 9 9 9 9 9
 8 8 1 8 8 8 8 8 9 9 9 9 9 9 9
 8 8 8 8 8 8 5 9 9 9 9 9 9 9 9
 8 8 8 8 8 8 9 9 9 9 9 9 9 9 9
 8 8 8 8 8 9 9 9 9 9 9 9 9 9 9
# Turn information for samurai of side 0 with weapon 2
# <turn>
47
# <cure period>
0
# Samurai states: <position x> <position y> <hiding>
2 5 0
2 11 1
8 0 1
-1 -1 1
8 3 0
-1 -1 1
# Battle field states
 9 9 8 8 8 8 2 8 2 8 8 8 8 8 9
 9 0 0 0 0 0 2 2 2 2 2 8 8 9 9
 0 0 8 8 8 8 2 2 2 8 2 8 9 9 9
 0 0 0 0 0 0 2 2 2 2 2 9 9 9 9
 0 0 8 8 8 8 8 8 4 4 9 9 9 9 9
 8 0 1 0 0 0 0 4 4 9 9 9 9 9 9
 8 0 1 1 8 8 4 9 9 9 9 9 9 9 9
 8 1 1 1 1 8 9 9 9 9 9 9 9 9 9
 1 1 1 1 1 9 9 9 9 9 9 9 9 9 9
 1 1 1 1 8 5 9 9 9 9 9 9 9 9 9
 8 1 1 1 1 5 5 9 9 9 9 9 9 9 9
 1 1 1 8 8 8 8 8 9 9 9 9 9 9 9
 8 1 1 8 8 8 5 9 9 9 9 9 9 9 9
 8 8 1 8 8 8 9 9 9 9 9 9 9 9 9
 8 8 8 8 8 9 9 9 9 9 9 9 9 9 9
# Turn information for samurai of side 0 with weapon 2
# <turn>
52
# <cure period>
0
# Samurai states: <position x> <position y> <hiding>
1 5 1
2 11 1
6 1 1
-1 -1 1
8 3 0
-1 -1 1
# Battle field states
 9 0 8 8 8 8 2 8 2 8 8 9 9 9 9
 0 0 0 0 0 0 2 2 4 2 2 8 9 9 9
 0 0 8 8 8 8 2 4 4 8 2 9 9 9 9
 0 0 0 0 0 0 4 4 2 2 9 9 9 9 9
 0 0 8 8 8 8 8 8 4 9 9 9 9 9 9
 8 0 1 0 0 0 0 4 9 9 9 9 9 9 9
 8 0 1 1 8 8 4 9 9 9 9 9 9 9 9
 8 1 1 1 1 9 9 9 9 9 9 9 9 9 9
 1 1 1 1 1 9 9 9 9 9 9 9 9 9 9
 1 1 1 1 8 5 9 9 9 9 9 9 9 9 9
 8 1 1 1 1 5 5 9 9 9 9 9 9 9 9
 1 1 1 1 1 8 8 8 9 9 9 9 9 9 9
 8 1 1 1 8 8 5 9 9 9 9 9 9 9 9
 8 8 1 8 8 8 9 9 9 9 9 9 9 9 9
 8 8 8 8 8 9 9 9 9 9 9 9 9 9 9
# Turn information for samurai of side 0 with weapon 2
# <turn>
59
# <cure period>
0
# Samurai states: <position x> <position y> <hiding>
1 4 0
3 11 1
6 1 1
-1 -1 1
9 3 0
5 12 0
# Battle field states
 8 0 8 8 8 2 2 8 2 8 8 9 9 9 9
 0 0 0 0 0 2 2 2 4 4 2 8 9 9 9
 0 0 8 8 8 2 2 2 4 4 4 9 9 9 9
 0 0 0 0 0 0 4 4 2 2 9 9 9 9 9
 0 0 0 0 0 0 8 8 4 9 9 9 9 9 9
 8 0 1 0 0 0 0 4 9 9 9 9 9 9 9
 8 0 1 1 8 9 4 9 9 9 9 9 9 9 9
 8 1 1 1 1 9 9 9 9 9 9 9 9 9 9
 1 1 1 1 1 5 9 9 9 9 9 9 9 9 9
 1 1 1 1 8 5 5 9 9 9 9 9 9 9 9
 8 1 1 1 1 5 5 5 9 9 9 9 9 9 9
 1 1 1 1 5 5 5 8 8 9 9 9 9 9 9
 8 1 1 1 5 8 5 5 9 9 9 9 9 9 9
 8 8 1 8 5 5 5 9 9 9 9 9 9 9 9
 9 8 8 8 8 8 9 9 9 9 9 9 9 9 9
# Turn information for samurai of side 0 with weapon 2
# <turn>
64
# <cure period>
0
# Samurai states: <position x> <position y> <hiding>
1 6 1
4 11 0
4 1 1
-1 -1 1
-1 -1 1
-1 -1 1
# Battle field states
 8 0 8 8 8 2 2 8 2 9 9 9 9 9 9
 0 0 0 0 0 2 2 2 4 4 9 9 9 9 9
 0 0 8 8 8 2 2 2 4 9 9 9 9 9 9
 0 0 0 0 0 0 4 4 9 9 9 9 9 9 9
 0 0 0 0 0 0 8 9 9 9 9 9 9 9 9
 8 0 1 0 0 0 9 9 9 9 9 9 9 9 9
 8 0 1 1 8 8 4 9 9 9 9 9 9 9 9
 8 1 1 1 1 3 9 9 9 9 9 9 9 9 9
 1 1 1 1 1 5 5 9 9 9 9 9 9 9 9
 1 1 1 1 8 5 5 5 9 9 9 9 9 9 9
 8 1 1 1 1 5 5 5 5 9 9 9 9 9 9
 1 1 1 1 5 1 1 8 8 3 9 9 9 9 9
 8 1 1 1 1 1 5 5 5 9 9 9 9 9 9
 9 8 1 8 1 5 5 8 9 9 9 9 9 9 9
 9 9 8 8 8 8 5 9 9 9 9 9 9 9 9
# Turn information for samurai of side 0 with weapon 2
# <turn>
71
# <cure period>
0
# Samurai states: <position x> <position y> <hiding>
2 6 0
3 11 1
4 1 1
-1 -1 1
-1 -1 1
-1 -1 1
# Battle field states
 8 0 8 8 8 2 2 8 2 9 9 9 9 9 9
 0 0 0 0 0 2 2 2 4 4 9 9 9 9 9
 0 0 8 8 8 2 2 2 4 9 9 9 9 9 9
 0 0 0 0 0 0 4 4 9 9 9 9 9 9 9
 0 0 0 0 0 0 8 9 9 9 9 9 9 9 9
 8 0 1 0 0 0 0 9 9 9 9 9 9 9 9
 8 0 1 0 0 0 0 4 9 9 9 9 9 9 9
 8 1 1 1 1 3 3 9 9 9 9 9 9 9 9
 1 1 1 1 1 5 9 9 9 9 9 9 9 9 9
 1 1 1 1 8 5 5 9 9 9 9 9 9 9 9
 8 1 1 1 1 5 5 5 9 9 9 9 9 9 9
 1 1 1 1 5 1 1 8 8 9 9 9 9 9 9
 8 1 1 1 1 1 5 5 9 9 9 9 9 9 9
 8 8 1 8 1 5 5 9 9 9 9 9 9 9 9
 9 8 8 8 8 8 9 9 9 9 9 9 9 9 9
# Turn information for samurai of side 0 with weapon 2
# <turn>
76
# <cure period>
0
# Samurai states: <position x> <position y> <hiding>
2 3 1
4 11 0
4 1 1
6 8 0
-1 -1 1
-1 -1 1
# Battle field states
 8 0 8 8 8 2 2 8 2 9 9 9 9 9 9
 0 0 0 0 0 2 2 2 4 4 9 9 9 9 9
 0 0 8 8 8 2 2 2 4 9 9 9 9 9 9
 0 0 0 0 0 0 4 4 9 9 9 9 9 9 9
 0 0 0 0 0 0 8 9 9 9 9 9 9 9 9
 8 0 1 0 0 0 9 9 9 9 9 9 9 9 9
 8 0 1 0 0 9 9 9 9 9 9 9 9 9 9
 9 1 1 1 1 3 9 9 9 9 9 9 9 9 9
 9 9 3 3 3 3 5 9 9 9 9 9 9 9 9
 9 1 1 1 8 5 5 5 9 9 9 9 9 9 9
 8 1 1 1 1 5 5 5 5 9 9 9 9 9 9
 1 1 1 1 1 1 1 8 8 3 9 9 9 9 9
 8 1 1 1 1 1 5 5 5 9 9 9 9 9 9
 9 8 1 1 1 5 5 8 9 9 9 9 9 9 9
 9 9 8 8 8 8 5 9 9 9 9 9 9 9 9
# Turn information for samurai of side 0 with weapon 2
# <turn>
83
# <cure period>
0
# Samurai states: <position x> <position y> <hiding>
3 3 0
4 13 1
3 1 0
-1 -1 1
-1 -1 1
7 14 0
# Battle field states
 8 0 2 2 2 2 2 8 9 9 9 9 9 9 9
 0 0 2 0 0 2 2 2 4 9 9 9 9 9 9
 0 0 2 2 2 2 2 4 9 9 9 9 9 9 9
 0 0 0 0 0 0 4 4 4 9 9 9 9 9 9
 0 0 0 0 0 0 8 4 9 9 9 9 9 9 9
 8 0 1 0 0 0 0 9 9 9 9 9 9 9 9
 9 0 1 0 0 0 9 9 9 9 9 9 9 9 9
 9 9 1 1 1 9 9 9 9 9 9 9 9 9 9
 9 9 9 3 3 9 9 9 9 9 9 9 9 9 9
 9 9 9 1 8 5 9 9 9 9 9 9 9 9 9
 9 9 1 1 1 5 5 9 9 9 9 9 9 9 9
 9 1 1 1 1 1 1 8 9 9 9 9 9 9 9
 8 1 1 1 1 1 5 5 5 9 9 9 9 9 9
 8 8 1 1 1 5 5 8 5 3 9 9 9 9 9
 8 8 8 8 8 8 5 8 5 9 9 9 9 9 9
# Turn information for samurai of side 0 with weapon 2
# <turn>
88
# <cure period>
0
# Samurai states: <position x> <position y> <hiding>
4 2 1
3 13 1
5 2 1
-1 -1 1
-1 -1 1
7 14 0
# Battle field states
 9 0 2 2 2 2 2 8 2 9 9 9 9 9 9
 0 0 2 0 0 2 2 2 4 4 9 9 9 9 9
 0 0 2 2 2 2 2 4 4 4 4 9 9 9 9
 0 0 0 0 0 0 4 4 4 4 9 9 9 9 9
 9 0 0 0 0 0 8 4 4 9 9 9 9 9 9
 9 9 1 0 0 0 0 4 9 9 9 9 9 9 9
 9 9 9 0 0 0 0 9 9 9 9 9 9 9 9
 9 9 9 9 1 3 9 9 9 9 9 9 9 9 9
 9 9 9 3 9 9 9 9 9 9 9 9 9 9 9
 9 9 1 1 8 9 9 9 9 9 9 9 9 9 9
 9 1 1 1 1 5 9 9 9 9 9 9 9 9 9
 1 1 1 1 1 1 1 9 9 9 9 9 9 9 9
 8 1 1 1 1 1 5 5 9 9 9 9 9 9 9
 8 8 1 1 1 5 5 8 5 9 9 9 9 9 9
 8 8 8 8 8 8 5 8 9 9 9 9 9 9 9
# Turn information for samurai of side 0 with weapon 2
# <turn>
95
# <cure period>
0
# Samurai states: <position x> <position y> <hiding>
5 2 0
4 13 0
4 3 1
-1 -1 1
-1 -1 1
8 12 0
# Battle field states
 9 9 2 2 2 2 2 8 2 9 9 9 9 9 9
 9 0 2 0 0 2 2 2 4 4 9 9 9 9 9
 0 0 2 2 2 2 0 0 0 0 4 9 9 9 9
 0 0 0 0 0 0 4 4 4 4 9 9 9 9 9
 0 0 0 0 0 0 8 4 4 9 9 9 9 9 9
 9 0 1 0 0 0 0 4 9 9 9 9 9 9 9
 9 9 1 3 3 3 3 9 9 9 9 9 9 9 9
 9 9 9 1 1 3 9 9 9 9 9 9 9 9 9
 9 9 9 9 3 9 9 9 9 9 9 9 9 9 9
 9 9 9 1 8 5 9 9 9 9 9 9 9 9 9
 9 9 1 1 1 5 5 9 9 9 9 9 9 9 9
 9 1 1 1 1 1 1 5 9 9 9 9 9 9 9
 8 1 1 1 1 1 5 5 5 9 9 9 9 9 9
 8 8 1 1 1 1 1 5 5 5 9 9 9 9 9
 8 8 8 8 1 1 5 8 5 9 9 9 9 9 9
