# <# turns> <side> <weapon> <width> <height> <cure period>
96 1 0 15 15 20
# Home positions
14 14
14 7
7 14
0 0
0 7
7 0
# Ranks and scores of samurai
0 0
0 0
0 0
0 0
0 0
0 0
# Turn information for samurai of side 1 with weapon 0
# <turn>
1
# <cure period>
0
# Samurai states: <position x> <position y> <hiding>
14 14 0
14 7 0
7 14 0
-1 -1 1
-1 -1 1
-1 -1 1
# Battle field states
 9 9 9 9 9 9 9 9 9 9 9 9 9 9 9
 9 9 9 9 9 9 9 9 9 9 9 9 9 9 9
 9 9 9 9 9 9 9 9 9 9 9 9 9 9 8
 9 9 9 9 9 9 9 9 9 9 9 9 9 8 8
 9 9 9 9 9 9 9 9 9 9 9 9 8 8 8
 9 9 9 9 9 9 9 9 9 9 9 8 8 8 8
 9 9 9 9 9 9 9 9 9 9 8 8 8 8 8
 9 9 9 9 9 9 9 9 9 8 8 8 8 8 8
 9 9 9 9 9 9 9 9 9 9 8 8 8 8 8
 9 9 9 9 9 9 9 8 9 9 9 8 8 8 8
 9 9 9 9 9 9 8 8 8 9 9 9 8 8 8
 9 9 9 9 9 8 8 8 8 8 9 9 8 8 8
 9 9 9 9 8 8 8 8 8 8 8 8 8 8 8
 9 9 9 8 8 8 8 8 8 8 8 8 8 8 8
 9 9 8 8 8 8 8 8 8 8 8 8 8 8 8
# Turn information for samurai of side 1 with weapon 0
# <turn>
6
# <cure period>
0
# Samurai states: <position x> <position y> <hiding>
14 13 0
13 7 0
7 13 0
-1 -1 1
-1 -1 1
-1 -1 1
# Battle field states
 9 9 9 9 9 9 9 9 9 9 9 9 9 9 9
 9 9 9 9 9 9 9 9 9 9 9 9 9 9 9
 9 9 9 9 9 9 9 9 9 9 9 9 9 8 9
 9 9 9 9 9 9 9 9 9 9 9 9 8 8 8
 9 9 9 9 9 9 9 9 9 9 9 8 8 8 8
 9 9 9 9 9 9 9 9 9 9 8 8 8 8 8
 9 9 9 9 9 9 9 9 9 8 8 8 8 8 8
 9 9 9 9 9 9 9 9 8 8 8 1 1 8 8
 9 9 9 9 9 9 9 8 9 8 8 8 1 1 8
 9 9 9 9 9 9 8 8 8 9 8 8 8 1 0
 9 9 9 9 9 8 8 8 8 8 9 8 8 8 0
 9 9 9 9 8 8 8 8 8 8 8 8 8 8 0
 9 9 9 8 8 8 2 2 2 8 8 8 8 8 0
 9 9 8 8 8 8 2 8 2 8 8 8 8 8 8
 9 9 9 8 8 8 2 8 2 8 8 8 8 8 8
# Turn information for samurai of side 1 with weapon 0
# <turn>
13
# <cure period>
0
# Samurai states: <position x> <position y> <hiding>
13 13 0
12 7 1
7 10 0
-1 -1 1
-1 -1 1
-1 -1 1
# Battle field states
 9 9 9 9 9 9 9 9 9 9 9 9 9 9 9
 9 9 9 9 9 9 9 9 9 9 9 9 9 9 9
 9 9 9 9 9 9 9 9 9 9 9 9 8 9 9
 9 9 9 9 9 9 9 9 9 9 9 8 8 8 9
 9 9 9 9 9 9 9 9 9 9 8 8 8 8 8
 9 9 9 9 9 9 9 8 9 8 8 8 1 8 8
 9 9 9 9 9 9 8 8 8 8 8 8 1 1 8
 9 9 9 9 9 8 8 8 8 8 8 1 1 1 8
 9 9 9 9 8 8 8 8 8 8 8 8 1 1 8
 9 9 9 8 8 8 8 8 8 8 8 8 8 1 0
 9 9 8 8 8 8 8 8 8 8 8 8 8 8 0
 9 9 9 8 8 8 8 8 8 8 8 8 8 8 0
 9 9 9 9 8 8 2 2 2 8 8 8 8 8 0
 9 9 9 9 9 8 2 8 2 0 0 0 0 8 8
 9 9 9 9 9 9 2 8 2 8 8 8 8 8 8
# Turn information for samurai of side 1 with weapon 0
# <turn>
18
# <cure period>
0
# Samurai states: <position x> <position y> <hiding>
13 12 0
11 7 0
7 9 0
-1 -1 1
-1 -1 1
-1 -1 1
# Battle field states
 9 9 9 9 9 9 9 9 9 9 9 9 9 9 9
 9 9 9 9 9 9 9 9 9 9 9 9 9 9 9
 9 9 9 9 9 9 9 9 9 9 9 8 9 9 9
 9 9 9 9 9 9 9 9 9 9 8 8 8 9 9
 9 9 9 9 9 9 9 8 9 8 8 8 8 8 9
 9 9 9 9 9 9 8 8 8 8 8 8 1 8 8
 9 9 9 9 9 8 8 8 8 8 8 8 1 1 8
 9 9 9 9 8 8 8 8 8 1 1 1 1 1 8
 9 9 9 8 8 8 8 8 8 8 1 1 1 1 8
 9 9 8 8 8 8 2 8 2 8 8 1 8 1 0
 9 9 9 8 8 8 2 8 2 8 8 8 8 8 0
 9 9 9 9 8 8 2 2 2 8 8 8 8 8 0
 9 9 9 9 9 8 2 2 2 0 0 0 0 8 0
 9 9 9 9 9 9 2 8 2 0 0 0 0 8 8
 9 9 9 9 9 9 9 8 9 9 8 8 8 8 8
# Turn information for samurai of side 1 with weapon 0
# <turn>
25
# <cure period>
0
# Samurai states: <position x> <position y> <hiding>
13 11 0
10 7 1
6 9 1
-1 -1 1
3 7 0
-1 -1 1
# Battle field states
 9 9 9 9 9 9 9 9 9 9 9 9 9 9 9
 9 9 9 9 9 9 9 9 9 9 9 9 9 9 9
 9 9 9 9 9 9 9 9 9 9 8 9 9 9 9
 9 9 9 9 9 9 9 9 9 8 8 8 9 9 9
 9 9 9 9 9 9 5 9 5 8 8 8 8 9 9
 9 9 9 9 9 8 8 8 8 8 1 8 1 8 9
 9 9 9 9 8 8 8 8 8 1 1 8 1 1 8
 9 9 9 4 4 4 8 8 1 1 1 1 1 1 8
 9 9 4 4 4 2 2 2 8 8 1 1 1 1 8
 9 4 8 4 8 2 2 2 2 8 8 1 8 1 0
 9 9 8 8 8 2 2 2 2 8 8 8 8 8 0
 9 9 9 8 8 8 2 2 2 0 0 0 0 8 0
 9 9 9 9 8 8 2 2 2 0 0 0 0 8 0
 9 9 9 9 9 8 2 8 9 9 0 0 0 8 8
 9 9 9 9 9 9 2 9 9 9 9 8 8 8 8
# Turn information for samurai of side 1 with weapon 0
# <turn>
30
# <cure period>
0
# Samurai states: <position x> <position y> <hiding>
13 10 0
10 8 0
7 8 1
-1 -1 1
4 7 0
-1 -1 1
# Battle field states
 9 9 9 9 9 9 9 9 9 9 9 9 9 9 9
 9 9 9 9 9 9 9 9 9 9 9 9 9 9 9
 9 9 9 9 9 9 9 9 9 9 9 9 9 9 9
 9 9 9 9 9 9 9 5 9 9 8 9 9 9 9
 9 9 9 9 9 9 5 5 5 8 8 8 9 9 9
 9 9 9 9 9 8 5 5 5 8 1 8 1 8 9
 9 9 9 9 4 4 8 8 8 1 1 8 1 1 8
 9 9 9 4 4 4 4 8 1 1 1 1 1 1 8
 9 9 4 4 4 2 2 2 1 1 1 1 1 1 8
 9 9 9 4 8 2 2 2 2 1 1 1 8 1 0
 9 9 9 9 8 2 2 2 2 0 1 0 0 8 0
 9 9 9 9 9 8 2 2 2 0 0 0 0 8 0
 9 9 9 9 9 9 2 2 2 0 0 0 0 8 0
 9 9 9 9 9 9 9 8 9 9 0 0 0 8 8
 9 9 9 9 9 9 9 9 9 9 9 9 8 8 8
# Turn information for samurai of side 1 with weapon 0
# <turn>
37
# <cure period>
0
# Samurai states: <position x> <position y> <hiding>
13 9 1
9 7 1
6 10 1
-1 -1 1
4 8 0
7 5 0
# Battle field states
 9 9 9 9 9 9 9 9 9 9 9 9 9 9 9
 9 9 9 9 9 9 9 9 9 9 9 9 9 9 9
 9 9 9 9 9 9 9 9 9 8 9 9 9 9 9
 9 9 9 9 9 9 9 9 5 8 8 9 9 9 9
 9 9 9 9 9 9 9 5 5 8 8 8 9 8 9
 9 9 9 9 9 9 5 5 5 8 1 8 1 8 8
 9 9 9 9 9 4 5 5 5 1 1 8 1 1 8
 9 9 9 9 4 4 4 8 1 1 1 1 1 1 8
 9 9 9 4 4 4 4 2 1 1 1 1 1 1 8
 9 9 8 4 4 4 2 2 2 1 1 1 8 1 0
 9 8 8 8 4 2 2 2 2 0 1 0 0 0 0
 9 9 8 8 8 8 2 2 2 0 0 0 0 0 0
 9 9 9 8 8 8 2 2 2 0 9 0 0 0 0
 9 9 9 9 8 8 2 8 2 9 9 9 0 0 8
 9 9 9 9 9 8 2 8 9 9 9 9 9 8 9
# Turn information for samurai of side 1 with weapon 0
# <turn>
42
# <cure period>
0
# Samurai states: <position x> <position y> <hiding>
11 8 0
9 7 1
6 9 0
-1 -1 1
-1 -1 1
7 5 0
# Battle field states
 9 9 9 9 9 9 9 9 9 9 9 9 9 9 9
 9 9 9 9 9 9 9 9 9 9 9 9 9 9 9
 9 9 9 9 9 9 9 9 9 8 9 9 9 9 9
 9 9 9 9 9 9 9 9 5 8 8 8 9 9 9
 9 9 9 9 9 9 5 5 5 8 8 8 8 9 9
 9 9 9 9 9 3 5 5 5 1 1 8 1 8 9
 9 9 9 9 4 4 5 5 5 1 1 8 1 1 8
 9 9 9 4 4 4 4 1 1 1 1 1 1 1 8
 9 9 4 4 4 2 2 2 1 1 1 1 1 1 8
 9 4 8 4 4 2 4 2 2 1 1 1 8 1 0
 9 9 8 8 4 2 2 2 2 0 1 0 0 0 0
 9 9 9 8 8 8 2 2 2 0 0 0 0 0 9
 9 9 9 9 8 8 2 2 2 0 0 0 0 9 9
 9 9 9 9 9 8 2 8 9 9 9 0 9 9 9
 9 9 9 9 9 9 2 9 9 9 9 9 9 9 9
# Turn information for samurai of side 1 with weapon 0
# <turn>
49
# <cure period>
0
# Samurai states: <position x> <position y> <hiding>
8 8 1
7 8 1
5 9 1
-1 -1 1
-1 -1 1
-1 -1 1
# Battle field states
 9 9 9 9 9 9 9 9 9 9 9 9 9 9 9
 9 9 9 9 9 9 9 9 9 9 9 9 9 9 9
 9 9 9 9 9 9 9 9 9 9 9 9 9 9 9
 9 9 9 9 9 9 9 5 5 9 9 9 9 9 9
 9 9 9 9 9 3 5 5 5 5 9 9 9 9 9
 9 9 9 9 3 3 5 5 5 5 1 9 9 9 9
 9 9 9 8 4 4 5 5 5 5 1 8 9 9 9
 9 9 4 4 4 4 4 1 1 1 1 1 1 9 9
 9 4 4 4 2 2 2 2 1 1 1 1 1 1 9
 8 4 8 4 2 2 2 2 2 1 1 1 8 9 9
 9 8 8 8 2 2 2 2 2 0 1 0 9 9 9
 9 9 8 8 8 8 2 2 2 0 0 9 9 9 9
 9 9 9 8 8 8 2 2 2 0 9 9 9 9 9
 9 9 9 9 8 8 2 8 2 9 9 9 9 9 9
 9 9 9 9 9 8 9 9 9 9 9 9 9 9 9
# Turn information for samurai of side 1 with weapon 0
# <turn>
54
# <cure period>
0
# Samurai states: <position x> <position y> <hiding>
8 8 1
7 7 0
4 9 0
-1 -1 1
-1 -1 1
-1 -1 1
# Battle field states
 9 9 9 9 9 9 9 9 9 9 9 9 9 9 9
 9 9 9 9 9 9 9 9 9 9 9 9 9 9 9
 9 9 9 9 9 9 9 3 9 9 9 9 9 9 9
 9 9 9 9 9 9 5 5 5 9 9 9 9 9 9
 9 9 9 9 3 3 5 5 0 5 9 9 9 9 9
 9 9 9 3 3 3 5 1 0 5 1 9 9 9 9
 9 9 4 8 4 4 1 1 0 5 1 8 9 9 9
 9 4 4 4 4 1 1 1 0 1 1 1 1 9 9
 8 4 4 2 2 2 2 2 1 1 1 1 1 1 9
 8 4 8 2 2 2 2 2 2 1 1 1 8 9 9
 8 8 8 2 2 2 2 2 2 0 1 0 9 9 9
 9 8 8 8 8 8 2 2 2 0 0 9 9 9 9
 9 9 8 8 8 8 2 2 2 0 9 9 9 9 9
 9 9 9 8 8 8 9 9 2 9 9 9 9 9 9
 9 9 9 9 8 9 9 9 9 9 9 9 9 9 9
# Turn information for samurai of side 1 with weapon 0
# <turn>
61
# <cure period>
0
# Samurai states: <position x> <position y> <hiding>
7 8 0
4 7 0
3 9 1
-1 -1 1
0 7 0
-1 -1 1
# Battle field states
 9 9 9 9 9 9 9 9 9 9 9 9 9 9 9
 9 9 9 9 9 9 9 9 9 9 9 9 9 9 9
 9 9 9 9 3 9 9 9 9 9 9 9 9 9 9
 9 9 9 3 3 3 9 3 9 9 9 9 9 9 9
 9 9 8 3 3 3 5 3 3 9 9 9 9 9 9
 9 8 4 3 3 3 5 3 3 5 9 9 9 9 9
 8 4 4 8 4 4 1 3 3 5 1 9 9 9 9
 8 4 4 4 4 1 1 0 0 1 1 1 9 9 9
 8 4 2 2 2 2 2 2 1 1 1 1 1 9 9
 8 4 2 2 2 2 2 2 2 1 1 1 9 9 9
 8 8 2 2 2 2 2 2 2 0 1 9 9 9 9
 8 8 8 8 8 8 2 2 2 0 9 9 9 9 9
 9 8 8 8 8 8 2 2 2 9 9 9 9 9 9
 9 9 8 8 8 9 9 8 9 9 9 9 9 9 9
 9 9 9 8 9 9 9 9 9 9 9 9 9 9 9
# Turn information for samurai of side 1 with weapon 0
# <turn>
66
# <cure period>
0
# Samurai states: <position x> <position y> <hiding>
7 7 1
5 8 1
3 6 0
-1 -1 1
0 8 0
-1 -1 1
# Battle field states
 9 9 9 9 9 9 9 9 9 9 9 9 9 9 9
 9 9 9 3 9 9 9 9 9 9 9 9 9 9 9
 9 9 8 3 3 9 9 3 9 9 9 9 9 9 9
 9 3 8 3 3 3 5 0 3 9 9 9 9 9 9
 8 3 8 3 3 3 5 0 3 5 9 9 9 9 9
 8 8 4 3 3 3 5 0 3 5 1 9 9 9 9
 8 4 4 8 4 4 1 0 3 5 1 8 9 9 9
 8 4 4 4 4 1 1 0 0 1 1 1 1 9 9
 8 4 4 2 2 2 2 2 1 1 1 1 9 9 9
 9 4 2 2 2 2 2 2 2 1 1 9 9 9 9
 9 9 2 2 2 2 2 2 2 0 9 9 9 9 9
 9 9 9 8 8 8 2 2 2 9 9 9 9 9 9
 9 9 9 9 8 8 2 2 9 9 9 9 9 9 9
 9 9 9 9 9 8 9 9 9 9 9 9 9 9 9
 9 9 9 9 9 9 9 9 9 9 9 9 9 9 9
# Turn information for samurai of side 1 with weapon 0
# <turn>
73
# <cure period>
0
# Samurai states: <position x> <position y> <hiding>
7 10 1
4 8 0
3 6 0
-1 -1 1
1 8 0
-1 -1 1
# Battle field states
 9 9 9 9 9 9 9 9 9 9 9 9 9 9 9
 9 9 9 3 9 9 9 9 9 9 9 9 9 9 9
 9 9 8 3 3 9 9 9 9 9 9 9 9 9 9
 9 3 8 3 3 3 9 9 9 9 9 9 9 9 9
 8 3 8 3 3 3 5 9 9 9 9 9 9 9 9
 8 8 2 2 2 3 5 0 9 9 9 9 9 9 9
 8 4 2 8 1 4 1 0 3 9 9 9 9 9 9
 8 4 2 2 2 1 1 0 0 1 9 9 9 9 9
 8 4 1 1 2 2 2 2 1 1 1 9 9 9 9
 4 4 4 2 2 2 2 2 2 1 1 1 9 9 9
 9 4 2 2 2 2 2 2 2 0 1 0 0 9 9
 9 9 8 8 8 8 2 2 2 0 0 0 9 9 9
 9 9 9 8 8 8 2 2 2 0 0 9 9 9 9
 9 9 9 9 8 8 2 8 2 0 9 9 9 9 9
 9 9 9 9 9 9 2 8 2 9 9 9 9 9 9
# Turn information for samurai of side 1 with weapon 0
# <turn>
78
# <cure period>
0
# Samurai states: <position x> <position y> <hiding>
7 7 0
3 8 1
3 5 1
-1 -1 1
0 7 0
7 2 0
# Battle field states
 9 9 9 3 9 9 9 9 9 9 9 9 9 9 9
 9 9 3 3 3 9 9 9 9 9 9 9 9 9 9
 9 3 8 3 3 3 9 3 9 9 9 9 9 9 9
 8 3 8 3 3 3 5 0 3 9 9 9 9 9 9
 8 3 2 2 2 3 5 0 3 5 9 9 9 9 9
 8 8 2 2 2 3 5 0 3 5 3 9 9 9 9
 8 4 2 2 2 4 1 0 3 5 3 8 9 9 9
 8 4 2 2 2 1 1 0 0 1 1 1 1 9 9
 8 1 1 1 2 2 2 2 1 1 1 1 9 9 9
 4 4 1 1 2 2 2 2 2 1 1 9 9 9 9
 4 4 2 1 2 2 2 2 2 0 9 9 9 9 9
 9 8 8 8 8 8 2 2 2 9 9 9 9 9 9
 9 9 8 8 8 9 9 2 9 9 9 9 9 9 9
 9 9 9 8 9 9 9 9 9 9 9 9 9 9 9
 9 9 9 9 9 9 9 9 9 9 9 9 9 9 9
# Turn information for samurai of side 1 with weapon 0
# <turn>
85
# <cure period>
0
# Samurai states: <position x> <position y> <hiding>
7 6 1
4 6 0
2 5 0
10 4 0
0 7 0
-1 -1 1
# Battle field states
 9 9 3 9 9 9 9 9 9 9 9 9 9 9 9
 9 3 3 3 3 9 9 5 9 9 9 9 9 9 9
 8 3 8 3 3 3 5 0 3 9 9 9 9 9 9
 8 3 8 3 3 3 5 0 3 8 9 9 9 9 9
 8 2 2 2 2 3 5 0 3 5 3 9 9 9 9
 8 2 2 2 2 3 5 0 3 5 3 8 9 9 9
 8 2 2 2 2 4 1 0 3 5 3 8 1 9 9
 8 4 2 2 2 1 1 0 0 1 1 1 9 9 9
 8 1 1 1 2 2 2 2 1 1 1 9 9 9 9
 9 4 1 1 2 2 2 2 2 1 9 9 9 9 9
 9 9 2 1 2 2 2 2 2 9 9 9 9 9 9
 9 9 9 9 8 9 9 2 9 9 9 9 9 9 9
 9 9 9 9 9 9 9 9 9 9 9 9 9 9 9
 9 9 9 9 9 9 9 9 9 9 9 9 9 9 9
 9 9 9 9 9 9 9 9 9 9 9 9 9 9 9
# Turn information for samurai of side 1 with weapon 0
# <turn>
90
# <cure period>
0
# Samurai states: <position x> <position y> <hiding>
6 6 0
4 5 1
2 4 1
-1 -1 1
0 7 0
-1 -1 1
# Battle field states
 9 8 3 3 3 9 9 9 9 9 9 9 9 9 9
 8 3 3 3 3 3 5 9 9 9 9 9 9 9 9
 8 3 8 3 3 3 0 0 9 9 9 9 9 9 9
 8 2 2 2 1 3 0 0 3 9 9 9 9 9 9
 8 2 2 2 1 1 0 0 3 5 9 9 9 9 9
 8 2 2 2 2 1 1 0 3 5 3 9 9 9 9
 8 2 2 2 2 4 1 0 3 5 3 8 9 9 9
 8 4 2 2 2 1 1 0 0 1 1 9 9 9 9
 9 1 1 1 2 2 2 2 1 1 9 9 9 9 9
 9 9 1 1 2 2 2 2 2 9 9 9 9 9 9
 9 9 9 9 2 2 2 2 9 9 9 9 9 9 9
 9 9 9 9 9 9 2 9 9 9 9 9 9 9 9
 9 9 9 9 9 9 9 9 9 9 9 9 9 9 9
 9 9 9 9 9 9 9 9 9 9 9 9 9 9 9
 9 9 9 9 9 9 9 9 9 9 9 9 9 9 9
