52
61
52
529
952
6559
691
61
289
891
48
83
6569
952
729
691
62
15
25
295
925
5559
9955
692
99889
962
99559
692
5569
792
779
692
51
52
529
592
639
952
6669
692
99789
93
99789
555
858
951
529
592
61
52
619
691
61
61
689
691
5789
5955
9777
5959
961
529
961
619
51
529
592
529
951
269
699
591
9677
592
6779
952
179
692
99779
692
269
951
529
592
52
83
71
99679
939
792
5569
691
81
52
197
981
15
52
529
592
16
36
639
962
6789
925
779
5959
9977
961
769
691
26
15
295
926
196
915
61
61
5779
917
789
591
9555
77
691

16
15
259
961
61
61
6789
961
549
591
819
9559
961
61
529
961
52
159
926
52
52
52
398
962
99679
962
619
592
9777
558
929
951
51
269
916
61
61
61
619
556
9889
692
198
8959
78
9889
918
62
269
915
26
61
619
961
559
961
289
952
789
946
8789
925
99889
961
159
962
159
592
529
936
389
5
555
692
5889
792
6559
692
5955
928
62
15
52
52
529
981
6569
962
99889
983
7569
962
8559
929
9958
952
16
51
529
691
61
619
888
972
829
693
9566
961
8789
5
979
919
61
25
52
52
52
52
839
566
961
61
889
962
529
927
749
691
25
269
952
52
52
53
7559
983
7579
962
629
666
919
691
9929
963
16
52
52
61
619
691
8559
555
758
952
777
61
8779
692
7789
691
61
52
619
961
61
619
9559
952
8589
692
889
691
977
919
588
983
61
52
52
52
529
952
9919
952
8679
983
6559
962
6669
885
929
793
16
15
52
52
52
52
9666
962
859
952
1999
691
7779
962
6679
928
51
259
926
52
52
529
6989
936
967
691
819
592
967
919
691
61
269
952
159
926
61
61
619
666
88
929
9967
919
555
966
159

269
915
52
529
592
52
839
566
961
529
778
925
19
962
519
961
52
52
52
52
53
296
9579
692
7589
666
888
6969
691
619
929
691
269
951
259
925
26
52
5679
919
961
619
939
961
9667
916
9677
961
61
529
592
529
592
83
6569
691
297
692
5889
951
819
566
929
592
61
529
592
52
52
52
839
952
99779
952
6569
9859
9999
692
7779
591
52
52
52
52
539
565
7989
692
62
529
973
529
777
691
779
692
15
296
915
529
952
639
555
917
9969
952
559
692
39
972
729
793
62
52
159
952
72
81
539
961
589
962
369
952
769
961
629
951
269
951
61
82
529
981
539
655
691
61
8889
961
99779
962
197
691
15
26
52
619
961
61
8789
891
2999
972
5569
952
6789
962
8789
952
159
926
15
529
952
63
759
9559
691
61
289
952
639
952
3999
952
62
52
15
296
691
619
949
691
5579
592
779
666
888
952
7789
951
16
15
25
269
691
619
6989
691
9677
945
879
555
919



16
51
52
529
592
9565
7979
592
819
666
888
973
819
692
2999
928
52
51
269
952
52
529
9759
691
529
917
7679
917
619
929
878
591
15
26
16
619
961
61
379
945
8889
919
969
917
29
691
8889
592
15
529
952
529
963
639
866
919
888
691
956
916
289
952
99889
916
61
259
952
529
592
52
839
592
779
952
9566
9589
6979
961
7779
962
61
25
259
592
729
981
539
592
955
667
588
655
892
6779
688
962
26
51
25
26
52
52
5569
691
559
952
729
792
8789
962
4999
692
52
61
52
61
619
691
869
691
395
691
7789
974
6569
961
61
61
159
926
15
295
925
296
866
919
9399
61
6779
591
9979
935
779
691
15
62
16
61
619
961
619
951
5589
918
5779
58
997
981
379
981
269
915
52
529
592
529
9579
9956
962
529
855
952
889
916
779
592
159
952
52
529
916
63
9959
692
8669
961
829
952
719
55
878
591
51
25
296
952
16
52
5559
692
7889
962
7889
666
758
972
6559
792
15
25
26
52
52
36
99579
55
692
72
6779
693
8669
915
9777
591
159
961
529
592
52
639
9869
9955
961
61
289
592
169
919
949
952
26
195
592
52
51
62
589
5959
592
529
99989
917
259
936
579
972
16
159
952
61
61
619
888
972
198
972
5569
928
99669
591
99679
591
62
51
25
296
952
52
669
9669
952
489
919
961
829
592
7889
962
16
51
26
61
61
619
9759
5955
62
52
189
916
6669
9777
819
952
62
159
925
25
26
529
9569
962
5789
949
961
889
6989
979
949
691
61
529
952
61
61
61
519
961
189
951
8889
666
99989
916
9777
951
61
259
926
61
61
549
855
961
7579
92
8589
961
29
99959
951
52
51
25
296
952
52
52
819
963
689
952
7779
556
929
5989
929
952
62
15
52
61
61
619
888
792
379
981
5559
566
989
952
8779
961
16
25
51
52
72
72
53
5669
9859
961
5889
766
878
655
592

51
61
26
61
61
619
974
555
8589
9955
9869
952
7779
951
8589
891
159
961
529
592
52
36
859
691
7589
962
39
667
792
19
85
962
62
52
15
61
61
61
479
945
5779
961
8789
591
8589
692
789
962
61
259
961
829
952
81
619
592
839
9666
8889
666
858
592
6779
961
15
61
529
592
529
691
396
691
7889
691
6579
555
777
592
6779
9991
26
15
259
952
729
981
539
952
6669
55
952
529
667
962
529
952
269
952
51
26
195
925
6559
961
7779
592
729
691
99889
566
888
594
62
159
592
529
592
52
489
952
739
9666
5559
962
889
92
819
952
52
52
169
952
52
36
589
56
961
66
61
555
819
928
51
81
159
962
52
52
53
269
691
629
8989
692
6779
952
6889
916
8779
692
52
51
269
952
52
52
669
9669
961
52
498




25
25
269
916
61
619
954
5779
555
962
56
51




61
26
51
26
61
619
691
849
5559
529
952
52
619
592
749
996
951
159
961
25
296
916
15
61
61
779
9555
289
592
8779
926
7889
893
25
269
916
61
61
61
6669
951
549
691
619
961
61
61
379
961
159
952
529
952
639
952
659
952
619
928
5889
916
589
952
29
952
159
962
15
295
926
52
369
691
8589
691
8789
9655
189
692
529
972
61
259
961
829
952
81
53
629
666
962
8679
951
99779
952
819
981
159
925
26
52
52
36
759
592
7579
692
7679
952
197
9555
2999
961
16
52
52
52
53
269
766
592
9989
6969
888
566
961
529
949
691
61
529
592
529
952
52
839
592
729
9565
6789
919
5959
692
5589
952
15
52
529
592
63
52
639
666
972
529
8989
952
99889
5956
9929
592
26
159
952
61
61
619
888
792
6669
925
629
85
927
966
588
952
62
159
926
169
961
61
6559
981
497
592
819
981
298
5595
829
961
15
295
962
52
52
5559
6979
962
7889
936
297
962
9555
972
955
591
25
26
52
52
52
53
9969
692
889
983
179
666
929
916
8889
594
26
51
52
52
529
565
961
62
7779
951
549
691
8889
916
529
961
25
26
15
25
269
952
5569
855
767
855
777
666
981
72
9677
936
26
15
296
961
61
61
9555
959
9977
952
8589
962
99789
962
7679
961
62
52
159
961
82
81
639
952
9566
566
961
62
51
259
592
72
16
52
52
15
259
556
691
62
7779
951
8779
952
819
952
83
62
62
15
529
592
52
16
589
5969
691
61
7789
928
589
592
529

51
26
159
592
52
169
85
692
759
962
5789
592
859
962
859
926
61
25
295
925
269
952
649
592
7669
961
99779




629
25
52
52
52
53
269
9999
939
555
972
529
591
629
961
8559
962
25
62
16
619
691
45
497
691
99889
9556
198
666
591
289
567
961
25
269
916
51
829
592
197
981
53
566
9667
951
967
6969
877
929
159
952
619
952
529
9399
639
55
961
52
529
952
7889
961
539
952
62
15
26
169
961
61
549
961
9979
961
9666
591
819
891
519
594
269
951
259
961
61
61
479
945
719
961
5889
5966
7889
556
9967
691
52
169
952
52
52
369
691
62
589
9299
589
592
819
962
189
591
52
15
26
52
52
369
5
962
9677
66
952
15
8889
666
888
891
62
159
952
72
81
53
5559
592
759
692
189
656
792
52
51
52
62
159
925
26
619
961
619
951
6889
592
8889
983
159
9565
629

26
159
952
52
529
655
691
52
7779
961
779
692
198
952
5889
961
52
169
952
52
53
629
666
952
779
691
779
974
9555
961
869
691
51
61
52
529
952
6559
9579
951
6779
9955
929
989
9589
952
159
92
52
619
952
61
619
691
99579
691
769
996
961
519
929
691
9666
974
269
915
295
925
25
296
7959
691
889
952
529
962
7789
9659
667
692
61
529
592
52
52
52
839
566
691
62
71
27
629
917
259
961
61
25
296
961
61
61
99559
961
289
952
197
894
1999
974
9555
692
15
25
62
52
52
36
99579
9559
691
52
529
792
8589
6966
8889
935
16
51
529
592
529
936
589
6959
691
61
5559
926
19
8
5989
691
51
61
52
529
691
52
9556
9767
629
952
7779
951
839
951
99779
794
61
529
592
52
52
9566
929
555
929
952
619
592
619
929
939
792
15
269
916
169
961
61
619
691
8579
591
9667
591
6669
951
669
951
26
195
925
61
61
61
479
961
99569
949
918
955
9977
55
592
52
51
269
952
15
26
52
859
5959
592
529
919
952
619
592
529
952
52
61
52
52
52
52
839
952
6559
952
7779
666
919
8989
929
792
52
52
52
52
36
52
669
792
379
962
279
566
7969
927
5889
691
61
52
52
52
529
952
869
691
9666
9779
7979
566
961
5779
969
591
62
159
952
61
61
619
888
972
81
655
6669
919
9889
961
8889
691
26
51
269
691
619
961
849
9555
529
961
879
692
619
972
6779
951
269
951
269
961
619
961
849
591
498
556
588
962
99559
927
8889
936
16
25
61
82
51
629
666
951
5789
592
99889
691
8569
99989
9999
952
16
52
52
52
53
5559
6979
927
629
666
961
61
83
819
929
974
62
52
52
52
53
81
6569
691
889
952
519
6967
99559
593
7589
972
25
61
26
619
691
54
749
691
7569
655
788
555
972
62
9667
591
16
51
25
25
296
952
839
995
691
81
977
5
678
917
61
61
269
952
52
52
52
539
929
9659
778
666
792
619
929



15
269
952
52
52
36
489
5
961
61
279
961
889
981
9777
972
61
52
619
691
619
961
759
555
592
61
8779
952
8559
961
8889
981
159
962
159
952
529
936
389
556
99989
592
7789
592
639
758
929
691
51
259
926
52
52
369
961
62
619
688
77
591
779
559
819
981
15
62
52
619
961
61
9949
961
619
566
777
951
819
588
9966
592
16
159
925
296
952
52
369
962
9989
592
955
692
5589
952
489
952
61
529
952
529
592
9655
961
529
952
52
519
983
81
739
981
73
26
15
52
529
592
5559
55
692
8559
962
5589
92
6679
972
8779
952
26
195
925
61
61
61
5779
954
779
925
99669
578
961
81
9666
591
269
952
52
52
52
5569
961
52
72
6669
961
52
81
529
592
519
62
52
159
952
72
81
539
963
6669
962
8589
928
6789
9559
9759
962
62
51
529
592
52
529
6989
952
8689
973
666
991
9777
972
489
927
51
52
529
592
51
62
739
963
639
962
8589
555
885
952
619
952
15
62
52
61
619
691
5889
952
6789
5669
8789
692
589
692
8889
963
269
951
259
926
619
961
619
691
189
591
789
951
879
929
989
952
61
259
952
529
592
5559
9559
692
7779
972
489
666
891
529
858
92
51
26
52
52
53
5559
667
692
977
925
9929
591
9555
887
777
962
16
25
25
25
53
62
489
792
559
66
951
61
7779
691
7679
951
26
159
952
61
61
619
949
9955
952
729
9779
961
39
952
966
591
15
26
195
925
259
926
5679
919
891
529
766
962
5779
951
99789
591
61
25
52
52
52
52
839
566
961
729
878
691
7679
655
962
729
51
62
619
981
529
936
99669
916
19
592
779
555
877
556
777
891
62
52
15
52
729
981
539
963
9989
961
8669
691
5889
592
52
529
25
61
25
529
792
81
539
952
6669
961
279
952
819
916
7889
951
269
951
259
592
529
592
839
656
792
52
529
592
52
529
919
952
52
61
529
592
52
529
5979
9659
961
62
71
297
927
629
591
619
26
159
926
61
61
619
9559
952
1999
952
8889
938
179
962
5589
972
269
951
52
52
52
529
5979
952
729
893
669
962
779
666
888
591
61
529
592
52
529
952
839
9666
729
929
767
919
588
951
7889
792
26
15
259
926
61
619
949
961
29
555
778
591
297
981
49
962
269
915
295
952
52
52
839
9666
19
692
966




61
62
52
52
52
53
5569
9789
926
589
927
397
925
9949
893
6779
691
159
926
195
926
52
52
5569
961
7889
961
6779
951
977
952
729
972
51
61
25
296
952
53
629
964
3999
929
7969
8
9579
866
778
691
16
25
52
52
53
26
7559
656
961
62
889
925
1999
929
8969
952
15
25
296
961
61
61
29
691
397
951
729
794
689
952
619
592
159
925
26
61
619
961
5779
961
619
794
559
961
5889
951
8889
983
15
295
962
619
961
619
9579
691
7679
951
99789
946
259
592
9666
952
15
269
952
52
53
5559
766
962
99789
692
7679
691
619
961
519
961
25
26
52
15
296
952
8669
952
859
692
779
961
8889
983
719
963
25
25
26
52
52
52
3999
9659
961
619
88
915
279
981
83
71
16
52
619
981
529
937
729
5959
556
961
8889
6969
919
692
779
592
269
951
52
52
52
81
6569
692
529
952
99559
981
529
691
619
963
15
26
16
61
61
61
829
5559
529
952
7889
936
99789
692
9777
592
26
15
529
592
52
81
539
9666
279
556
919
85
929
919
858
891
51
61
529
952
73
72
729
5955
7669
591
6679
555
9977
952
7779
691
26
15
295
952
72
519
9869
592
5679
592
6889
983
7669
691
779
691
269
951
25
259
926
52
859
692
819
983
6669
592
8559
927
8779
972
61
25
259
926
61
619
9769
591
9677
591
99559
8969
919
951
529
952
61
259
925
26
619
961
5589
962
749
954
729
566
961
81
819
962
15
296
951
26
52
52
6559
9967
591
619
929
961
9929
929
666

25
159
961
259
927
72
5559
556
952
62
19
592
5559
928
489
952
15
295
961
529
952
369
997
593
9979
691
99889
555
952
629
592
52
51
26
15
25
269
952
659
962
977
925
579
592
72
729
996
951
26
159
952
529
592
52
498
936
169
592
179
692
6779
691
967
891
61
25
259
926
52
529
9966
691
8559
6966
489
9769
788
92
8889
591
16
159
952
72
72
559
9955
692
6559
592
529
952
159
962
52
52
26
51
25
61
61
61
479
691
659
9994
8559
919
778
691
8889
961
269
915
52
529
592
52
839
566
691
62
189
981
52
629
667
961
26
195
952
61
61
619
591
529
979
592
479
925
179
963
679
974
61
529
952
52
52
81
539
591
99679
5969
961



269
692
15
296
916
619
691
61
61
51
8679
961
879
945
99889
591
7889
918
269
915
296
691
61
61
889
594
8679
555
927
9929
949
952
197
691
16
51
259
925
26
52
589
692
839
666
888
65
929
9589
9958
591
62
52
15
25
295
926
839
99959
962
529
7989
5669
8789
952
6559
962
62
52
52
52
53
269
576
919
891
496
577
961
5789
951
7789
591
51
26
159
925
269
952
659
929
9589
919
9869
962
99889
591
529
592
61
259
592
72
81
53
639
952
569
951
819
981
519
927
9929
925
51
25
26
52
52
529
939
9659
961
529
949




629
51
62
16
61
619
961
849
974
829
5559
197
952
7789
656
961
61
25
16
15
26
52
52
5569
961
7679
929
8959
962
8889
937
5559
961
26
195
926
169
961
61
569
981
759
592
8779
655
6979
919
788
951
26
52
52
52
52
6559
9779
952
839
592
72
83
669
6979
8979
592
52
52
52
52
53
296
7959
9569
961
52
529
972
719
856
692
529
26
159
592
52
52
52
719
9659
99989
962
7779
566
788
981
8679
929
51
61
52
529
592
63
639
961
629
952
879
961
619
979
929
691
159
592
61
52
529
9399
639
5959
691
529
949
592
529
592
489
952
62
159
592
52
529
981
539
951
679
666
891
819
855
592
195
972
51
62
51
25
269
952
6559
961
889
951
298
951
819
566
925
62
51
52
52
52
63
63
8569
692
879
555
929
592
52
52
159
592
51
62
16
619
691
619
9869
555
919
961
529
961
9929
972
5559
9299
25
25
269
952
52
52
839
566
899
952
7789
9956
952
72
53
529
15
52
52
52
169
963
639
962
99889
566
7989
981
589
962
619
792
51
62
15
259
926
52
5569
6979
592




269
6956
849
51
62
51
25
26
52
839
961
829
666
877
952
7579
919
788
951
26
52
16
619
691
619
8989
891
498
981
9555
962
529
962
7789
962
61
52
529
592
529
952
839
566
692
6669
919
592
739



26
195
926
61
619
961
849
555
952
52
749
656
919
891
49
592
269
915
295
926
52
529
655
9967
888
591
29
952
529
962
529
952
16
51
26
619
961
61
61
61
6889
591
8889
591
8789
937
7579
928
16
159
592
529
952
639
9579
9559
691
61
829
962
619
972
459
9299
16
25
15
295
926
52
669
691
5889
961
789
592
529
919
5959
692
61
259
592
61
619
691
8889
972
81
6669
67
5959
588
927
8579
691
159
961
529
952
529
916
99589
6959
691
61
779
928
8589
961
8579
962
52
51
26
15
25
26
9939
952
8589
9991
669




62
62
159
952
52
529
952
498
656
929




1
2
52
26
159
952
529
952
52
179
655
962
6669
878
9967
963
63
719
961
26
159
592
529
952
81
5669
692
8559
929
919
962
19
926
8889
972
25
269
952
52
64
52
619
592
9969
799
917
669
858
947
749
963
15
296
951
52
52
36
3999
691
99579
9993
529
592
99589
928
7779
981
61
529
592
619
691
619
6979
951
9677
945
19
556
961
819
925
519
15
529
592
529
592
16
579
666
8989
961
877
51
99779
972
566
61
26
52
51
25
269
952
589
983
629
691
956
7969
888
692
7779
961
269
915
52
619
691
61
99579
691
74
619
566
952
6669
981
619
691
15
26
52
52
53
5559
766
692
7889
962
7789
9556
269
929
995
691
62
52
52
619
961
619
949
961
869
558
919
962
7579
928
579
592
62
159
926
61
61
54
749
591
9959
952
99779
952
879
556
9779
952
269
952
52
52
52
539
99969
928
9667
692
8889
692
859
962
189
952
61
529
592
52
529
952
839
952
6559
592
7779
961
8779
952
967
961
26
195
925
52
72
81
53
666
529
555
961



5559
961
15
296
952
52
53
5559
766
972
729
5966
198
962
9677
929
777
948
61
52
52
52
529
981
539
591
689
9659
585
962
159
925
269
952
51
26
169
691
619
961
74
555
39
952
9919
591
7779
925
7889
951
25
62
619
981
529
981
539
556
961
619
88
915
279
592
955
792
159
961
259
926
159
592
729
951
519
962
859
692
8559
961
8789
962
52
52
52
52
369
692
579
592
629
592
19
952
7779
792
8559
917
25
159
961
25
27
72
64
5559
691
81
259
6969
9789
925
9777
952
159
961
529
952
529
936
99589
9569
961
52
729
6
88
592
5559
962
15
26
196
951
829
973
5559
692
398
5669
99779
927
9979
9992
789
926
16
25
52
52
53
5559
9769
927
29
666
9777
61
749
961
9666
9299
15
61
259
952
52
5569
961
9555
592
729
792
729
972
81
72
549
159
592
52
52
529
916
99579
666
891
61
739
963
179
691
6679
691
51
62
169
961
619
961
61
619
88
961
6889
974
829
9566
789
591
269
915
529
952
529
952
719
9956
899
592
839
666
792
529
877
692
61
52
52
529
592
52
719
9569
758
962
5589
927
789
936
99589
962
52
16
52
52
52
36
498
856
961
279
9769
592
1999
592
8889
952
269
951
259
961
829
981
539
666
951
619
858
952
82
52
19
691
61
259
952
52
52
52
839
766
666
577
952
529
919
691
7889
591
25
61
25
529
972
81
539
691
529
666
928
966
691
889
792
519
15
25
269
952
52
369
599
962
6779
592
977
925
8559
591
298
591
25
62
52
52
52
539
979
952
498
936
9969
961
9777
951
6669
591
25
62
52
52
52
53
8669
691
7779
5955
529
592
7779
592
4999
962
269
952
15
295
926
52
5679
919
949
691
7679
951
6779
8959
951
61
26
51
529
952
529
655
577
962
519
592
9555
981
529
592
52
529
159
925
296
952
15
5559
7979
692
849
792
389
6966
9979
919
925
62
25
26
169
961
61
61
53
5559
952
189
8989
962
519
927
279
692
16
52
169
961
619
691
619
566
919
979
887
556
919



61
52
529
961
61
61
519
592
9939
9991
9777
5955
9777
691
398
974
25
62
51
52
72
81
539
693
61
9666
952
619
961
619
893
46
51
269
915
259
926
52
639
691
819
555
885
766
792
51
81
819
15
296
952
52
53
2
659
691
619
929
949
592
7889
951
8789
91
15
296
915
295
926
5559
691
61
289
972
7779
592
99779
925
279
794
52
61
52
619
691
619
7
961
619
555
929
915
49



62
51
269
691
61
61
99559
66
961
61
5559
99796
159



51
61
259
961
82
379
792
5569
555
666
952
619
691
72
72
61
62
52
52
52
53
25
498
935
719
9655
519
962
629
7989
919
692
61
52
52
529
952
52
489
952
739
9666
729
972
579
952
179
692
62
159
952
52
529
952
489
936
6669
929
9579
792
8889
916
9677
972
16
159
952
52
52
639
66
952
769
925
977
591
7889
935
759
961
61
52
529
592
529
952
489
936
6669
929
9889
592
7779
692
8789
591
269
915
529
592
529
916
3999
962
5679
692
179
953
789
655
788
591
62
52
52
52
53
25
629
981
539
983
169
952
779
952
7789
917
61
52
52
52
529
592
489
936
579
592
965
692
5889
927
559
692
269
951
52
61
619
961
5589
692
619
961
679
591
7789
893
74
195
51
25
62
52
53
269
666
9992
99889
952
9989
855
7998
927
6779
961
159
962
169
916
619
961
619
655
778
961
99879
5559
889
599
919
961
51
259
926
52
52
35
669
5959
929
99959
929
885
929
961
729
972
26
15
529
592
52
52
489
936
5789
961
7779
656
952
52
819
592
269
915
259
952
729
981
53
529
666
691
9677
929
758
655
777
972
26
159
592
619
691
619
9559
961
359
555
952




15
15
259
962
619
691
61
689
961
7679
925
6879
5966
169
691
296
918
159
592
52
529
916
62
396
592
99889
5669
529
592
529
592
52
52
15
26
52
52
52
36
629
666
8989
929
677
952
7679
925
99779
92
16
51
25
259
926
52
639
691
819
962
859
692
8889
916
519
592
61
25
296
691
61
619
655
919
9859
9299
189
591
8889
893
7779
929
15
529
592
529
592
169
9579
666
981
619
777
961
8889
972
649
591
16
51
269
961
619
691
619
951
8569
592
7669
92
8889
951
99789
954
269
952
52
619
691
61
4999
691
619
6959
778
591
6679



51
259
962
52
52
36
619
692
189
592
5889
951
297
592
7559
962
269
951
26
169
961
619
655
9991
5889
692
7679
916
9667
929
9956
915
52
619
952
52
52
52
579
952
879
936
966
952
619
592
749
961
159
926
16
619
691
61
379
945
6669
951
62
519
866
928
9989
981
61
259
592
52
529
952
839
592
779
592
7779
963
639
555
952
52
16
15
25
52
529
693
549
692
889
6969
961
52
7779
591
529
591
159
961
25
25
295
926
839
755
962
5569
952
197
972
619
945
62
61
52
529
592
529
981
6569
692
99889
893
689
565
929
9199
589
962
15
62
169
951
82
397
972
9556
566
926
9677
951
61
719
929
691
62
51
529
952
529
592
739
6
961
529
9889
666
919
691
7779
592
61
259
926
619
961
61
559
592
9677
591
8679
961
7679
925
967
961
61
52
52
52
52
52
839
566
961
296
972
72
8889
961
7779
972
51
62
52
159
925
62
589
9569
961
52
52
529
952
196
667
951
26
195
925
25
259
926
759
691
7679
951
8679
592
5779
591
279
691
51
52
61
52
379
792
72
54
9555
951
6679
929
588
567
692
159
62
159
592
529
952
81
5669
656
929
972
479
951
8889
893
259
91
61
25
52
72
81
53
6559
962
839
656
878
592
529
952
519
692
61
25
52
52
52
5559
55
692
5589
692
99559
927
279
777
929
792
61
259
592
52
529
981
6569
692
5589
929
9955
692
196
9977
929
693
25
62
169
691
61
495
9759
919
949
961
539
929
777
555
9879
954
62
159
925
259
925
26
839
655
961
61
379
925
279
792
8889
691
26
159
925
529
952
52
839
9666
52
9556
952
159
555
7989
928
52
269
952
15
61
61
61
479
691
559
929
997
917
8589
591
6889
591
61
25
295
926
619
691
6589
592
9776
961
619
951
666
197
9869
981
269
952
52
52
52
539
577
952
529
952
61
629
788
666
877
792
51
269
952
15
295
555
777
926
52
51
279
692
6789
692
619
961
16
159
925
26
61
61
99579
691
99569
99979
917
61
619
961
61
61
51
61
269
951
25
52
3999
951
629
592
7789
792
839
656
9859
592
16
159
925
529
592
63
579
5959
691




6669
9888
2
61
529
691
61
61
61
579
961
8579
9555
7779
555
929
961
539
954
62
15
26
61
619
954
8559
591
619
961
289
954
879
981
649
983
61
529
952
529
952
52
489
952
9979
936
629
699
855
928
955
962
52
61
529
952
52
6559
961
61
5559
962
5889
929
878
983
519
691
15
25
269
691
61
619
929
961
958
952
629
891
4999
919
758
592
26
159
925
296
916
15
61
529
9589
952
789
962
7889
6966
8889
983
62
15
295
961
61
61
479
961
679
951
6879
55
899
592
8579
91
15
296
916
619
691
61
619
691
8579
591
839
951
81
519
778
951
51
26
195
926
15
269
939
919
555
77
99979
962
189
592
991
529
269
951
26
51
829
981
539
666
555
929
9889
9955
85
919
9579
961
15
259
962
52
53
26
5679
961
8589
926
759
9199
6679
9992
99779
9399
269
915
259
926
619
691
49
691
99589
949

959
952



269
915
25
26
15
529
799
925
7589
952
839
9666
8589
962
52
529
269
915
296
961
619
961
99559
691
289
592
8589
919
777
954
99679
591
25
159
962
52
52
53
7569
692
99889
591
7579
962
9555
92
19
592
62
15
25
296
691
61
619
666
961




159
9655
81
61
529
952
52
52
529
919
983
719
666
961
259
77
929
877
952
15
295
962
52
52
369
99959
962
629
952
9777
952
6669
961
279
691
25
26
196
951
82
529
919
592
7559
983
669
55
962
779
918
62
26
159
952
52
52
52
179
655
592
529
666
929
939
919
666
9993
62
159
925
25
26
52
839
952
6569
962
8789
972
8589
936
7559
692
51
269
915
52
52
63
529
666
877
592
8679
939
887
926
619
592
52
51
62
51
259
926
839
555
592
52
9777
928
179
972
53
629
52
16
52
52
52
36
489
856
961
566
28
829
952
749
666
951
25
269
952
619
691
619
949
961
5589
929
588
961
279
949
67
692
26
51
25
529
792
81
539
592
529
666
88
961
8779
996
77
951
16
159
925
61
61
61
479
961
679
951
99789
655
929



25
62
52
52
52
53
839
929
952
6559
929



5559
961
62
159
952
52
529
952
839
952
729
6669
779
952
8579
5
9579
592
25
62
51
529
972
81
539
963
99589
692
619
969
58
928
955
962
52
15
26
52
52
369
6969
919
952
619
691
52
61
398
919
592
51
26
52
52
52
36
498
952
6889
962
6569
952
879
927
629
592
159
961
52
529
793
729
972
5559
9669
591
81
52
8559
692
8779
972
16
51
269
961
619
961
619
555
777
691
5789
794
9556
989
981
16
16
15
25
269
691
619
9679
919
974
8569
555
961
379



26
52
159
961
61
61
479
961
619
855
887
916
8779
594
9929
961
269
951
25
25
295
926
689
961
779
692
519
555
952
72
197
962
159
926
195
592
52
63
579
961
8779
962
679
889
99889
963
61
619
159
962
52
52
53
5559
9679
927
2999
692
9555
927
5559
927
5589
692
51
25
269
952
52
529
5979
962
9989
936
889
952
7779
692
779
962
51
529
592
52
63
52
7779
792
729
555
866
592
52
829
919
592
51
62
169
961
61
61
849
555
952
179
858
691
889
691
729
952
52
169
952
52
53
5559
766
692
729
656
788
972
8789
962
9989
891
16
52
52
52
53
269
9869
961
9777
5956
189
9955
962
719
5
952
52
169
951
25
269
952
839
555
778
692
9777
566
952
52
9777
592
16
25
269
981
52
52
529
556
961
25
99889
952
9777
961
8789
916
15
529
592
52
196
693
629
592
99889
555
7979
592
519
961
529
972
159
592
529
952
52
5659
7979
692
52
719
667
591
297
929
919
961
51
259
926
52
52
36
489
576
8989
929
666
592
1999
952
52
52
25
269
915
52
52
529
8969
9569
691
52
729
691
729
972
8889
691
51
62
51
25
295
556
691
62
7779
591
99789
891
839
9656
8589
961
26
159
926
196
691
61
549
555
891
819
929
952
5889
962
729
692
26
195
952
619
961
619
949
691
529
952
8779
974
539
951
8889
951
61
52
52
529
952
52
489
952
739
6669
729
961
8889
9666
8779
692
16
25
25
26
52
529
655
558
777
692
779
925
9777
962
749
691
25
15
62
52
52
539
9966
692
379
9299
99779
693
99889
952
1999
952
51
25
26
52
52
369
995
962
629
952
719
962
619



15
296
916
51
82
729
555
962
9566
925
298
962
5889
926
519
962
15
62
16
619
961
619
974
5589
591
619
929
8989
9779
951
8779
951
16
52
169
951
829
937
5559
962
9566
925
298
692
5889
926
519
961
15
529
952
529
916
52
369
973
7669
962
729
962
5889
952
99789
951
26
51
269
951
829
981
539
9666
519
691
297
9299
8589
591
8589
9299
25
62
52
52
53
62
619
952
5679
7
667
917
679
951
9677
692
25
52
16
52
52
53
629
951
7679
9992
6779
591
99889
566
919
962
62
159
592
729
981
53
639
952
5669
566
592
729
972
5569
592
61
62
15
52
529
592
52
839
566
961
52
729
925
619
952
49
952
26
51
25
296
915
529
556
6979
888
983
6779
7966
629
929

952
269
915
259
961
61
61
479
961
619
961
619
691
62
1999
691
619
26
15
269
961
61
61
849
954
879
655
778
556
878
928
6789
972
15
259
926
52
52
369
755
692
629
952
9777
963
9777
945
15
619
159
961
25
52
529
693
9979
591
839
916
99589
692
99779
952
6669

61
52
529
592
529
952
839
592
7779
6669
9667
961
619
951
99679
916
15
529
952
52
169
692
639
963
29
918
9979
893
589
592
52
52
61
52
529
592
52
6559
691
61
7779
692
889
961
8889
951
779
981
61
25
269
961
619
954
749
951
9959
961
849
961
7669
691
189
591
159
961
25
61
829
937
729
6955
529
962
18
659
952
52
51
61
26
51
25
259
926
52
839
556
961
61
289
92
99789
592
789
692
52
619
952
52
529
592
839
656
691
729
792
619
9859
952
819
952
159
962
52
52
53
269
9759
9559
9689
962
99789
926
7789
5966
9929
951
159
925
26
52
52
36
498
556
691
61
779
962
9919
592
739
961
269
952
52
52
52
53
489
935
719
666
558
962
629
952
9919
592
51
269
916
619
961
61
849
555
952
52
489
592
529
667
919
592
26
51
25
295
926
52
839
952
839
9666
729
691
9677
952
977
592
269
951
529
952
52
5559
9779
692
62
9666
878
962
1999



26
15
295
952
729
981
539
666
9559
962
879
925
7779
951
879
591
15
62
52
52
53
819
665
691
8789
691
629
972
5589
692
7679
592
25
269
915
259
925
269
7959
691
5789
916
8779
5956
199
619
7959
691
15
295
926
52
52
369
9759
55
692
52
99889
593
9555
92
19
981
52
619
952
61
61
61
519
952
4999
961
397
961
7779
945
8559
952
25
269
916
61
619
961
849
954
6679
591
889
951
9777
9556
39
691
15
61
259
926
16
15
8679
691
619
6959
888
952
7779
592
99789
972
51
26
52
52
52
369
9966
961
298
963
479
961
7579
915
7789
974
15
296
952
52
52
369
5979
9559
99989
592
7579
962
977
952
6779
592
16
52
169
961
61
61
619
794
559




61
659
951
26
51
529
952
52
81
539
666
855
952
859
962
8579
952
489
9991
16
52
52
52
16
52
7589
936
529
99969
9999
9991
977
952
8889
916
16
52
16
619
961
61
379
945
859
9569
961




51
52
61
52
52
52
529
5979
6959
691
52
619
952
529
952
529
952
62
15
26
61
61
61
9556
951
889
692
8589
691
779
961
8789
592
269
915
295
592
72
81
53
9666
951
296
588
917
298
555
952
729
62
15
295
952
72
81
539
5966
6679
961
99789
591
819
6669
2999
691
51
61
25
25
26
5559
7959
591
7679
9555
529
792
859
952
8779
981
26
159
592
529
952
52
839
566
691
61
7779
952
779
962
679
962
16
15
296
691
61
619
9689
974
6559
592
8579
972
459
691
7559
592
51
26
159
592
52
63
639
961
629
952
889
951
9677
792
5789
952
15
296
952
52
53
629
655
9679
9889
692
7789
962
967
925
779
972
62
159
926
61
619
961
9556
916
8889
555
919




61
61
529
952
529
592
52
839
566
592
6669
888
5959
5959
929
952
529
16
15
295
952
169
952
859
962
389
566
8989
692
9555
692
9959
692
15
26
159
926
195
952
729
691
619
591
819
891
379
961
99779
962
52
169
916
619
961
61
619
566
961
61
269
951
479
961
619
951
62
15
529
952
52
81
539
951
759
962
529
926
729
962
619

62
15
52
529
952
81
539
591
679
555
962
51
62
52
52
52
269
951
529
952
529
983
6559
951
7679
592
529
952
529
972
589
962
25
269
916
51
82
81
539
6966
519
962
99889
91
5889
5966
29

269
951
259
952
72
81
539
9666
519
962
789
962
5589
925
529
952
51
269
952
52
53
6559
9769
692
879
925
529
792
729
916
169
962
269
915
52
529
952
52
489
936
629
666
877
928
197
592
789
972
25
62
61
81
52
81
5569
692
839
5956
529
962
529
919
58
962
52
169
916
619
691
61
379
945
519
691
7889
556
891
619
855
952
16
159
592
52
529
963
869
9955
929
792
779
692
8789
972
19
972
16
15
259
952
52
196
99969
952
489
9656
8579
899
9759
9955
555
792
52
169
952
52
53
269
9966
962
179
691
977
9955
917
71
619
692
25
16
26
61
619
961
6559
91
579
961
889
961
289
591
6679
691
61
52
52
61
61
61
4999
961
619
566
8989
927
99789
951
8889
692
61
52
619
691
61
61
619
555
777
961
8579
974
5589
99969
891
17
51
25
26
52
52
36
529
666
919
776
919
928
39
951
889
691
62
15
529
952
52
81
6569
918
279
915
977
559
7779
556
929

62
15
25
269
691
619
961
519
8959
962
759
919
878
945
5779
954
62
51
25
295
926
52
839
981
369
566
691
859
8989
928
7779
952
51
62
169
961
61
61
849
555
592
52
52
619
961
497
99969
951
16
25
52
52
53
269
959
692
8559
692
8559
981
819
936
629
592
15
296
952
52
53
6569
929
962
4999
972
6789
963
519
961
619
691
51
26
52
52
53
26
529
962
297
567
8
962
889
592
6669
951
269
952
52
159
926
52
7569
952
859
962
779
691
8789
692
8589
983
61
52
529
592
52
52
19
983
6669
692
5889
952
7789
6966
8889
962
62
52
159
926
61
61
61
519
9759
952
8559
688
887
917
61
519
15
26
159
961
61
61
479
974
8669
592
7589
592
99779
5569
666
9919
51
259
926
52
52
369
755
962
8679
692
7779
952
977
692
859
962
51
62
51
259
926
52
9939
555
767
929
8959
928
955
9299
189
591
61
529
952
529
592
81
539
591
679
5969
88
692
729
973
9555
692
62
52
52
52
53
259
6969
927
9949
962
619
929
88
592
99889
981
52
52
52
52
53
259
666
961
8789
962
8679
692
519
592
8889
592
61
52
52
619
691
619
949
961
379
691
789
945
8559
919
777
691
16
159
952
52
529
916
39
691
8679
961
9939
555
961



25
16
15
295
926
52
369
692
529
9199
5889
691
889
591
9555
981
61
52
52
529
952
529
9759
9956
961
52
49




26
51
62
159
592
729
937
729
5559
619
952
198
9556
7889
952
779
951
16
51
25
296
952
52
5569
6979
951




259
926
61
52
16
196
961
61
61
619
5955
7889
981
498
916
3999
952
197
893
52
169
952
52
52
36
529
962
99889
9966
961
619
9977
961
9667
951
159
925
62
52
52
36
619
692
859
929
9869
667
99989
929
591
629
269
951
52
61
619
691
379
961
789
954
9979
591
279
951
6679
981
159
961
52
72
619
972
649
951
619
961
689
691
6669
962
729
918
16
15
295
926
619
691
859
939
592
61
7789
891
689
567
8969
952
61
52
529
952
52
83
6669
962
529
951
298
666
929



26
51
259
592
72
81
539
592
529
666
888
9966
989
928
529
792
269
915
529
952
529
592
179
556
961
61
889
962
8789
983
7679
961
15
61
52
619
691
619
591
52
839
592
8679
963
759
592
729
961
269
952
51
61
82
81
539
566
555
66
972
99679
963
62
3
519
26
51
259
952
72
81
539
693
9989
666
99989
952
859
692
5889
962
16
52
52
61
61
61
689
691
279
974
6579
925
9666
951
2999
952
25
26
16
619
691
549
9869
919
929
961
539
9299
7779
555
9789
954
25
51
62
52
52
539
8969
929
666
952
719
981
7789
951
99779
972
25
52
169
952
52
539
5979
929
866
952
5589
692
7569
962
5589
962
62
159
925
269
691
619
67
691
619
961
619
961
967
925
519
961
16
51
25
61
61
61
479
961
61
61
889
591
7679
945
519
691
51
26
169
916
61
61
619
794
569
951
8679




62
16
25
159
952
72
72
539
5596
619
962
8589
918
297
655
767
962
25
159
926
52
52
539
9966
927
5559
962
8889
951
9555
952
99789
962
269
951
529
592
52
81
5669
692
8889
936
629
592
5789
952
6789
961
52
169
952
52
52
369
599
962
99889
951
9979
9555
8679
93
197
592

51159
62
61
81
72
54
52
529
592
619
592
52




2692
952
15
52
52
52
839
952
16
629
92
529
9992
81
297

2552
52
169
952
52
529
592
529
952
529




52

6251
52
159
952
529
592
52
52
52
52




62

26951
961
619
961
61
629
592
52
619
961
519
952
529
952
54

16269
51
259
925
26
196
951
629
592
52
529
916




2526
61
25
269
952
52
52
629
592
52
169
792
72
72
51

6226
52
51
259
926
52
52
519
962
52




16

1652
25
159
926
52
539
962
519
592
519
961
819
981
61
619

5115
26
15
295
926
52
52
52
519
691
619
961




1551
269
952
52
53
62
61
52
619
691
295
691




61269
52
52
529
952
52
839
951
62
629
952
61
61
52
529

2616
195
925
295
926
52
619
964
52
62
61
81
529
592


159269
952
52
529
952
629
952
529
692
519
692
619
691
61


25269
26
16
619
691
61
61
619
692
619
951
61
61
61
519

261
195
952
52
529
952
83
519
962
519
692
729
952
72


162
15
2999
952
52
52
819
961
36
51
619
961
61
529
952

5252
61
52
52
52
83
159
952
169
9199




26

215
52
61
52
52
529
592
62
52
519
9299
61
52
61
269

26961
915
295
925
259
962
52
159
592
629
962
619
961
61
62

1615
159
952
52
52
52
159
692
529
952
529
592
52
52
52

1662
51
269
691
61
61
61
749
592
619
952
52
51



52269
15
61
269
952
529
936
51
62
629
792
729
972
72
62

5116
61
269
961
619
961
61
74
529
691
52
51




1516
296
951
269
952
71
469
691
639
952
51
25
629
961


26952
952
52
52
52
529
936
52
52
61




169

16269
159
926
159
961
61
53
51
619
592
51
619
92
61


16159
51
269
961
61
619
974
62
519
981




519

15926
962
52
52
53
82
52
52
16
519
691
62
52
51
73

5116
61
269
691
619
961
51
619
691
62




62

25269
269
952
52
52
52
83
639
592
629
691
61




2552
62
159
925
26
52
51
81
83
51
26
169
961
629
592

1562
296
916
619
691
74
829
891
5559
951
529
592
992
199
61

1515
26
52
52
53
25
529
592
52
196
952
52
61
619
962

5125
269
691
819
972
549
952
52
52
51
629
952
52
529
961

2615
159
592
52
52
529
592
83
16
519
952
729
792
61
619

1651
51
529
592
529
951
259
981
62
52
519
692
629
916
619

6216
52
52
52
52
369
592
52
52
52
52
619
592



1661
25
52
52
53
829
915
61
52
51
529
952
619
952
61

25159
26
196
961
619
961
61
61
629
691
619
961
619
961
61

2552
269
952
52
52
529
983
63
52
629
961
61
62
729


15915
961
529
952
63
63
63
63
629
919
952
52




15951
926
169
952
52
53
19
692
529
962
52
529
963
16
9919

15159
296
951
259
926
52
529
916
52
52
52
529
972
729
952

269159
951
259
592
72
81
539
952
519
961
52
629
792
619
952

5151
269
961
619
961
74
61
62
529
691
529
961
61
619
691

5261
61
52
52
529
592
839
952
61
62
529
592
62
52
72

51159
62
16
52
52
539
962
629
592
529
591
629
592
61


1525
62
15
295
926
52
52
529
961
52
529
691




2615
51
61
82
52
529
952
51
839
951
629
952
62
529
592

6216
52
619
691
61
61
62
529
591
61
295
952




6162
259
925
52
72
81
53
61
529
951
52
529
962
729
692

6225
159
925
259
926
61
619
954
619
962
52
529
981
529
952

25269
61
269
961
619
961
529
591
52
51
629
592




6261
619
961
619
961
62
529
592
52
52




15

15951
592
52
529
952
52
16
62
61
729
972
729
962
629
936

1561
61
529
592
52
51
819
592
62
52
52
61
529
952
61

5252
16
52
52
52
529
953
52
529
961
62
61




26925
961
61
619
961
62
529
591
519
981
81
54
549
951
52

15159
61
529
592
529
963
63
529
692
51
819
981
81
81
269

6151
259
925
52
529
952
83
52
61
61
62
619
792
3
529

6261
52
15
25
9929
952
52
83
519
962
529
952
51



15159
296
919
952
52
529
961
61
619
961
62



259

61269
259
952
52
529
952
83
52
61
619
974
396
591
61
25

6225
159
925
26
52
52
529
593
629
592




16

26952
952
159
952
52
52
83
519
692
519
962
619
692
639


5126
26
169
691
61
74
61
51
61
62
51
619
981
52
819

61269
25
296
961
61
54
54
519
691
62



159
693

6262
159
926
195
961
619
592
51
9929
691
61
992




269159
952
619
592
52
529
983
51
83
159
972
62
62
519
592

2562
269
915
295
592
72
81
539
592
52
61
52
61



26961
915
52
529
952
16
629
952
52
52




159

26952
951
26
61
61
4
61
51
81
819
981
64
529
592
529

2525
26
16
619
691
549
961
539
981
62
529
591




5261
16
52
52
53
25
51
819
6569
62
529
592
52
16
61

261
16
159
925
529
972
51
619
952
54
529
592
619
961


269269
916
195
925
25
52
52
649
692
72
519
691
61
62
51

62269
159
926
61
619
961
629
952
51
62



16
619

2515
61
259
926
61
61
61
2999
961
61
297
961
81
81
159

5262
619
961
529
592
52
52
819
893
51
629
591
619
692
61

2616
15
26
61
619
594
519
891
46
529
952
629
951



15952
962
52
52
539
891
519
692
62
519
962
51




252
26
52
52
52
52
83
639
592
62
52
61




5252
169
952
52
52
52
539
962
52
61
61
62




159159
962
52
52
53
62
629
592
61
2999
961
529
952
52
619

5162
269
916
52
52
53
629
951
62
519
952
629
591
619
962

152
296
951
25
26
529
961
81
839
981
6569
592




26951
9991
529
592
529
952
52
83
52
16
529
592
62
529
962

6225
52
52
52
539
692
51
61
61
629
691
61




26269
52
15
26
52
52
64
15
529
952
62
619




6216
159
929
952
529
951
619
961
61
529
952
529
891
81
81

522
16
52
52
52
529
953
529
952
529
952



25

6161
25
529
952
52
52
839
951
629
591
61
629
972
72
51

5152
62
159
925
269
952
519
981
81
62
73
619
691
619
592

15916
962
16
61
61
619
974
62
51
619
92
61




5251
61
61
529
952
529
952
52
52
819
961
61
629
792


2525
269
952
52
529
983
519
963
52
519
962
519
936
196
962

25269
159
962
159
926
52
52
16
52
52




52

6126
52
529
592
52
52
83
61
52
529
952
519
962
61
61

2651
52
52
52
52
529
936
52
529
962
62
639




2615
195
925
25
25
529
961
619
691
629
952
52
519
961
62

2615
52
169
961
61
46
51
619
691
629
691
529
691
61
619

521
16
52
52
52
529
952
529
952
61
629
691




2515
16
25
26
52
529
893
169
951
52
52
52




6126
61
61
61
64
51
619
691
629
951
519



159

61159
529
961
52
529
592
52
45
629
952
52
52




26159
15
295
952
52
52
83
52
16
629
691
61




5215
169
915
25
296
952
62
196
952
991
61
619
961
529
952

6151
25
295
925
269
952
619
945
62
619
691
619




2562
16
16
61
61
61
469
951
61
2




159

2515
26
61
61
619
594
63
629
952
529
952
81
52
81
529

6162
52
52
52
52
52
83
1
61
649
592
52
61
529
691

6261
159
926
619
961
549
954
629
592
529
592
15
819
891
629

269269
915
52
52
52
529
983
52
16
629
592
619
962
61
619

26916
961
61
61
61
629
952
52
529
891
61
619




6215
51
25
296
952
529
592
51
61
4999
983
819
983
196
792

15952
926
196
691
619
974
61
62
52
529
952
529
592
52


15951
962
52
52
539
925
81
619
691
529
592
519
962
52
52

2662
51
259
925
26
52
52
819
983
719
592
529
692
52
63

5115
26
196
961
619
961
74
62
51
629
91
52




25269
62
52
52
52
529
93
83
52
16




62

2562
16
269
961
619
946
629
592
619
592
81
819
915
61
629

26926
951
259
92
529
952
83
51
629
951
62
529
952
61
61

5215
61
52
529
952
529
691
619
961
25
619
691
61



51159
26
619
891
72
53
529
961
619
952
519
961
62
52


1551
61
259
592
52
529
916
529
952
52
52
51
529



26962
915
52
52
52
52
83
269
692
729




619

61159
26
159
961
61
61
519
691
619
961
519
961




5151
61
259
929
952
529
962
51
529
592
81
369
962
52
296

2616
159
926
61
619
961
629
951
62



159
592
259

15926
962
16
52
52
52
993
529
952
52
52
619
691
61


15952
592
52
52
519
961
52
61
61
61
639
963




5115
269
952
52
52
52
619
961
61
61
629



269

2626
51
26
619
961
61
62
52
619
951
54
529
592
529
9991

5226
61
529
592
52
519
983
71
63
52
619
691
2999
961
629

2515
61
52
529
592
529
983
629
792
519
961
629




1652
51
25
269
691
619
691
61
61
619
951
52
81
529
891

1552
62
1
529
592
529
952
52
529
592
629
592
619
961


26952
952
619
592
52
52
83
83
61
649
962
52
51
529
692

51159
269
952
52
53
25
619
961
61
819
981
819
962
529
591

1515
61
25
52
529
952
529
952
52
619
691
619
972
81
82

5161
259
962
52
52
52
53
629
591
529
962
529
927
27


5261
169
952
52
529
936
62
529
952
619
691
529




26952
691
61
619
961
519
692
619
592
619
591
61




1516
62
16
52
52
53
259
981
81
62
73
619
951
619


15961
961
25
269
952
719
893
639
951
619
691
61
61
61
619

15159
26
196
691
61
61
74
629
951
629
951
619
961
61
61

5162
62
15
26
52
52
629
972
529
952
52
519
961
729
972

1561
269
916
52
52
53
629
592
529
961




62

1661
159
592
529
591
639
963
629
592
619
592
529
952
61
619

6225
159
592
529
952
51
83
51
629
592
992
529
952
62
61

15952
926
159
925
259
962
529
891
819
592
16
529
592
51
619

511
26
159
592
529
592
52
52
529
916




159

15962
962
52
52
52
36
619
592
64
619
592
52




5161
269
916
52
52
539
692
529
951
619
592
81
81
81
529

2691
915
295
926
52
52
819
983
519
692
51
62
61
61
61

5126
269
952
52
53
296
951
269
691
9929
952
189
952
52
52

2515
25
269
916
52
52
16
51
62
61
529
952




269269
952
52
52
53
62
619
952
619
592
52
51
72
81
269

1626
52
619
961
61
61
74
62
529
691
619
961
61
61
61

15916
962
52
52
53
159
951
819
962
61
62
61




1592
926
169
961
619
961
61
51
61
619
961
619
918
19
981

1516
26
16
619
961
61
74
62
519
691
259
691




25269
52
169
9199
52
529
952
52
529
691
61



52

6262
51
52
529
952
52
83
52
61
992
639
972




1652
52
52
52
53
269
952
52
529
592
819
891
993
639
792

5115
26
15
295
925
62
629
916
52
62
619
952




2652
51
269
691
619
961
61
61
62
619
951
61
61
61
61

26916
915
52
529
591
83
51
52
619
691
619
691
629
691


16159
15
26
61
619
961
74
62
529
961




61

2552
16
16
61
61
61
459
691
61
2999
691
72
519
952
81

16269
51
26
619
961
61
74
629
951
61
29
952
619
952
819

269159
951
269
952
52
64
749
974
72
519
592
52
519
961
629

115
61
25
269
691
61
52
61
62
52
51
619




26951
915
259
925
296
952
52
52
529
692




16

2551
16
15
29
592
52
629
591
62
529
592
51
61
619
961

5151
62
52
52
52
529
936
529
952
529
952
529
891
61
529

6115
529
952
52
52
83
16
196
961
61
619
692




15915
926
52
52
53
62
62
51
629
951
629



629

2561
15
296
952
52
539
981
52
61
52
62
529
693
52
52

5152
25
62
169
952
52
52
53
529
952
62
51
629
793
72

2526
16
269
691
619
691
61
61
61
61
61
619
691
619
691

6262
51
26
619
691
619
962
619
981
52



15
529

5161
269
952
52
539
692
52
51
529
961
72
729
792
63
63

26269
51
26
619
691
619
692
52
519
961




159

6252
15
26
61
619
594
529
591
62
51
529
952




2661
195
926
61
619
961
619
961
62
519
961
25
51



5162
269
916
619
961
61
74
62
51
29
961
61




15925
962
52
52
53
269
961
619
691
61
519
961




2615
52
51
269
952
61
529
964
52
529




169

2662
159
925
529
592
52
83
52
16
62
629
961




5252
16
159
926
52
71
396
961
63
619
961
2
1
81


1626
25
51
52
529
952
529
952
52
196
592
51
629
691
72

15915
962
52
52
52
369
691
61
619
691




62

5151
259
926
52
52
52
52
52
52
529
952
62
529
952
52

26916
951
52
52
529
592
83
62
196
952
63
63
529
952


5151
26
52
52
52
52
529
592
529
952
61
61
619



2625
52
619
981
52
529
952
83
51
61
61
296
692
729
972

1616
159
961
82
72
53
52
52
51
2999
952
529
692
61


2626
195
952
52
529
983
71
619
962
62
529



529

1662
51
25
269
952
71
839
891
96969
962
52
52
529
961
52

51269
61
25
529
592
529
952
52
2999
952
197
961
619
962
639

51269
26
52
52
539
926
519
962
61
62
196
951




1561
26
52
52
53
62
61
619
692
529
961
529
952
629
592

5116
26
16
61
61
74
82
819
954
62
69969
952
52
619
961

15962
926
52
52
539
692
62
72
729
936
63
619
891
529


2652
15
529
952
52
83
71
61
619
691
619
691
619
92


5252
159
925
296
916
52
619
981
51
629
952
529
692
519
692

5162
62
52
52
53
62
629
952
529
692
51
819
692
639


26951
915
269
691
619
954
61
81
54
629
691
619
592
529
592

5251
169
952
52
539
925
51
61
52
62




62

5161
62
52
52
539
692
52
519
962
529
962
52
51
62
619

6152
52
52
529
592
52
83
51
61
629
591
52
61
52


5116
529
952
52
529
952
16
62
529
592
52
52
169
916
61

1616
25
52
52
53
25
296
691
619
961




52

15926
962
52
52
53
62
619
692
51
259
981
52
62
529
952

1616
52
61
619
961
619
961
619



269
9199
629
952

26952
961
619
691
61
629
952
529
691
529
915
52




6115
25
296
915
61
61
4
61
619
961
619
691
61
619
961

26269
619
961
61
61
629
592
52
51
819
962
529
591
529
692

621
15
295
952
529
952
83
61
629
952
519
692
62
639
592

2652
61
61
619
961
51
519
961
9929
961




159

5216
61
52
529
952
529
983
619
952
629
952
529
592
52
297

2616
159
952
529
592
195
983
519
972
529
961
61




1525
296
951
269
952
71
63
51
529
951
619
692




1562
269
952
52
52
529
952
529
592
52
81
61
61
629
691

62269
51
25
26
52
52
52
519
961
629
961
61
529
691


2526
61
52
529
952
62
52
519
952
629
916
62
61



16269
25
52
52
53
62
52
52
52
52
729
972
62
729


26961
915
269
961
61
619
962
519
591
619
691



169

1651
25
25
25
25
36
61
619
925
52




61

52269
16
169
961
619
961
74
62
52
529




52

2526
269
9199
52
529
952
529
893
519
961
529
692
72
619


16159
15
295
926
52
52
529
953
629
592




26

6162
52
529
592
529
952
83
52
619
691
62
729




16
26159
159
981
52
529
592
52
196
916
629
792




1562
61
259
952
529
592
52
52
2
52
52
729
962
63
63

2615
52
52
52
52
52
35
629
592
81
72
83
16
62
359

15269
269
952
52
52
52
539
962
529
951
72
619
691
629
973

62269
52
16
619
961
619
962
51
619
962
619
691
619
961
61

2551
52
15
25
992
52
35
61
62
51
61
62




25159
61
52
52
81
53
629
591
62
619
692
61
819
952
61

26925
952
15
296
691
619
691
629
591
619
692
529
691
619
691

6126
529
592
529
952
529
983
52
16
62
61
61




5261
619
952
529
981
539
962
519
691
62
52
52
1999
961


16269
51
25
26
52
529
591
619
692
199
19
592
619
952


26952
951
26
619
691
496
692
519
961
619
592
549
954
15


26916
915
529
592
529
952
83
62
15
629
972
52
749
972
72

5161
26
16
52
52
539
962
519
594
529
951
619
692
619


52159
619
952
529
952
52
83
619
691
52
519
952
529
952
72

159269
962
159
9992
529
952
52
629
915
52
52
51
629
961
61

26962
952
16
52
52
649
592
629
952
9919
961
529
962
51
629

1626
52
52
52
53
62
51
61
619
962
61
72
61
61
52

16159
15
25
52
72
61
395
592
81
81
519
9566
529
691


6162
52
529
592
52
52
83
51
62
16
196
951




1661
159
961
829
972
64
61
619
961
619
592
619
981
539
961

6115
25
52
52
529
952
529
983
16
62
52
61
729
961


5216
61
52
529
592
52
83
519
962
519
691
61
61
62


6115
259
9299
529
592
52
16
529
952
52
51
529
962
52
619

52159
61
529
592
529
952
839
951
62
51
529
961




611
529
592
529
592
529
983
52
169
962




62

5216
619
952
529
952
52
83
52
61
529
962
52
197
972
63

6162
52
619
592
52
52
819
983
519
692
519
961
52
629
962

26916
952
51
269
952
619
964
54
619
92
529
961
819
592
519

1652
26
159
981
25
62
529
592
196
961
629
592
529
592
52

15159
269
691
819
972
52
529
592
51
529
592
52
519
961
729

1562
26
52
52
52
52
539
952
529
592
629
961
62
197
972

1651
52
15
25
52
72
35
619
691
619
961
52




161
15
259
926
52
52
52
51
53
61
61
529
952
52
61

26951
915
52
52
52
52
83
52
16
62
52
61
2
61


51159
61
269
952
52
539
962
629
952
529
591
62
619
961
63

2516
26
52
52
529
962
51
619
961
62
519
961
62
729
961

26951
915
61
829
981
52
61
299
61
529
592
52
619
691


62269
15
52
52
52
52
83
52
16
52
629
592
61
52


1626
51
529
952
529
952
52
52
52
519
981
539
592
529
592

2661
52
52
52
52
539
962
529
952
62
72
529
939
592
529

1562
296
952
169
952
52
52
52
62
52
619
961
529
592
529

2562
61
52
52
52
52
83
51
29
961
529
691
62
619
961

6261
61
619
691
619
692
529
952
61
992
52
52




6251
52
61
529
592
529
983
519
983
16
629
792




2626
15
296
961
61
619
962
51
61
299
519



159

1651
25
25
25
25
269
983
169
691
629
952
529




15961
962
61
81
72
53
529
593
519
591
62
529
962
61
629

15952
926
15
269
952
539
693
529
591
619
952
619
962
529
952

1616
51
26
619
961
74
82
819
594
5696
972
52
529
592


2651
195
925
26
52
619
961
52
62
51




16

26951
952
15
26
52
64
52
62
529
592
52
52




6115
529
952
529
952
62
62
61
61
629
961
61
619
692
619

6126
529
691
52
52
52
52
81
839
951
62
519
962
61
52

159269
926
52
52
52
529
953
52
52
529
952



259

1526
259
926
195
926
52
52
195
951
61
619
926




62269
52
159
592
72
395
592
83
51
529
961
529
929
961
62

6262
15
52
529
592
52
52
83
72
72
729
792
72
72
51

6162
529
952
52
529
952
83
62
51
529
962
991
61
619
972

5226
619
592
529
952
83
519
972
61
72
619
961
619
962
61

1662
51
61
82
72
649
691
619
961
61
199
529
691



26925
951
25
296
952
64
52
51
469
962
52
52




6261
159
925
259
9992
519
983
51
52
61
299
639
952
63


1626
25
61
82
159
692
61
61
529
592
259
591




6125
25
26
619
961
61
61
629
951
62
619
691
52
619
691

2551
61
52
529
592
52
83
629
972
72
629
592
1999
592
61

52159
619
592
529
981
53
629
591
61
619
952
619




25159
16
52
169
915
529
792
839
963
629
916
529
592
529
961

15159
296
691
81
72
539
592
52
529
952
529
592
619
691
61

2525
52
16
52
52
529
592
529
952
52
619
961
719
962


61159
25
25
299
529
952
62
529
962
72
72
72
629
592
519

26962
952
52
52
52
539
962
52
52
72
72
529
593
819
692

26925
915
26
61
619
961
62
52
61
61
519
961




5162
61
52
529
592
52
51
82
169
691
529
952
629
951
72

26962
952
52
52
52
53
62
729
792
51
61
52
52
51


6115
529
592
52
52
629
952
62
52
52
61
619
962
52
61

16159
25
61
82
71
64
61
619
691
619
952
529
691
529


5162
61
52
52
52
52
62
529
962
62
63
25




26925
951
269
691
619
691
61
629
591
629
691
619
961
619
961

6126
529
961
52
52
529
592
52
529
591
819
891
6696
972
619

6152
529
592
529
592
529
592
83
17
629
952
529
962
52
52

6125
259
592
52
529
983
719
693
639
693
529
592




2526
269
916
619
691
54
54
52
52
619
691
61
52



26925
915
61
82
52
52
519
983
62
52
529
592
729
972


522
169
952
52
52
359
925
81
61
61
619
592
619
692
619

611
259
925
295
926
52
529
954
629
592
529
591
529
952
529

15925
926
196
952
52
53
16
29
691
61
529
592




2651
51
269
691
61
496
962
529
952
52




519

61269
529
592
529
592
52
52
529
592
62
619
691




5125
26
16
52
52
539
962
51
52
52
619
962
169
692
72

1526
269
952
52
52
529
592
52
52
52
529
917
81
61
619

15915
961
25
296
691
619
962
529
592
519
962
199
19
961


6161
269
915
61
61
61
64
51
619
692
61
619
961
61
61

15915
926
52
52
52
529
952
52
52
52
179
691
619
961
62

2552
61
25
269
952
619
594
74
61
619
692
198
929
952
52

16159
52
16
619
691
61
74
629
952
51
61



619

15952
961
25
26
52
61
619
962
529
951
81
52
52



52269
619
691
529
952
52
529
981
839
951
26
519
962
729
929

15926
926
52
52
52
52
52
529
592
529
962
619




6225
61
61
619
961
51
619
962
195
962
519
891
17
529
954

2526
62
52
52
52
53
629
952
629
792
61
619
951
62


6262
159
925
61
82
52
529
983
52
51
629
691
61
62
61

1526
52
529
592
529
591
629
951
62
196
692
51
619
961
63

1616
61
61
61
64
629
592
519
592
819
891
81
29
952
52

15916
961
259
926
619
691
62
529
592
395
692
52
61
52


5225
169
952
52
53
26
52
51
81
81
9665
952




6151
259
592
52
529
592
52
83
1
639
693
63
619
952


269269
915
295
952
72
81
539
952
619
961
619
691
61
619
961

1551
61
2
529
952
52
52
52
529
952
52
529
592
52
529

26915
951
26
61
619
946
629
891
52
519
981
45
81
819


26269
52
15
2999
592
52
52
629
592
529
962
52
529
917
61

159269
92
52
52
52
52
51
62
51
61
639
693
629
963


2159
52
619
592
52
529
592
839
951
62
529
952
62
52


5115
62
61
619
961
619
974
61
52
61
529
952
52
54


1652
15
25
296
952
719
961
395
591
61
62
719
961
61
259

15952
952
529
952
519
961
61
619
691
61
359
954
62
629
951

26925
951
259
925
269
952
629
946
52
4
52
52
52
51


1551
61
269
691
619
961
74
629
592
52




51

1526
269
952
52
539
692
519
962
529
952



62
529

6261
159
925
26
52
52
649
692
549
592



15
63

1561
25
269
952
52
396
961
629
952
51
29
952
619



262
195
925
529
592
52
83
52
16
62
629
691




1515
62
15
269
952
52
529
891
819
592
196
951
61
61
639

26916
951
529
952
529
983
51
619
691
62
169
952




1562
25
269
952
719
961
62
51
619
691
619
961
619
691
51

2661
15
269
961
61
619
692
619
592
61
61
61
52
529
594

269159
952
61
81
52
529
952
529
893
52
1
62
63
36
52

1616
61
61
61
61
649
952
519
692
51
81
819
691
629
952

159269
961
26
619
961
619
974
629
592
619
691
619
961
52
529

2562
61
269
961
619
691
629
952
51
61




159

159159
962
159
592
52
529
962
52
52
52
529
951
52
529
952

15915
961
52
529
952
529
962
529
692
529
592
62
51
629


2516
25
269
916
52
52
629
964
52
994
52
52
61
619
962

2615
52
61
81
81
52
529
952
61
629
592
15




1562
26
52
52
539
692
619
962
529
951
639
951
52
61
61

161
51
52
52
529
592
62
729
952
52
62
72




159159
926
199
52
529
592
52
529
951
61
619
961
629
591
629

5216
61
529
592
52
529
893
519
692
529
962
719
962
72
729

162
15
259
9992
529
951
62
529
952
62




259

51269
26
15
52
52
52
52
519
592
81
619
961
629
952
26

5262
169
961
61
61
61
74
62
52
61




61

6125
259
926
619
691
54
54
529
946
529
961
729
961
72
719

52269
61
52
529
952
52
839
962
729
972
529
692
529



2651
51
25
269
952
529
691
81
52
519
692
529
961
61
619

1551
26
61
81
72
52
52
529
592
52
529
951
61
72
62

1662
51
529
952
529
952
62
52
629
592




62

1525
62
52
159
926
52
529
592
51
52




26

2515
61
259
952
52
83
16
52
529
961




619

5216
16
15
296
952
619
592
52
529
592
629
952




2626
195
925
296
691
61
49
691
619



159
591
62

2661
52
159
952
529
952
839
692
72
72
729
936
61
629


26269
159
9992
52
52
529
952
83
52
62
529
592
529
591
529

1652
159
952
52
529
952
52
519
592
52
61
72




5115
61
25
52
52
52
52
519
952
819
691
619
961
62
61

1652
52
52
52
53
269
961
61
529
961



629
591

5226
61
52
529
952
529
893
519
926
51
61
61
619
692
729

61269
25
269
691
61
61
61
62
519
692
52
529
952
45


6151
25
25
2999
592
529
952
83
61
64
529
592
269
972


61159
529
961
52
529
592
52
52
62
62
52
62




2552
26
19
592
52
529
983
71
61
61
519
961
61



159269
926
195
926
15
26
61
619
691
62
51
52
819
592


1551
269
952
15
296
952
529
692
529
592
519
962




5116
26
16
61
619
961
74
62
52
1999
691
619
592



159159
962
61
619
961
619
974
629
592
619
691
529
691
61
529

5116
62
169
961
61
61
74
62
519
961
629
591
61
259
981

2626
195
592
529
952
51
839
915
619
952
529
951
81
297
926

1552
26
196
691
61
74
61
62
529
691
529
952




1551
26
159
926
52
529
936
51
62
52
529
952




269269
952
15
52
52
52
52
52
2
61
52
297
592
61
63

1526
62
619
981
72
53
529
891
529
952
639
592
529
952
619

2515
62
15
26
52
52
61
469
592
529
592
62




15269
26
52
15
295
962
629
915
529
952
62
529
961
52
61

5161
62
159
592
729
935
61
529
691
62
52
529
952
61


1516
62
61
61
61
74
82
54
52
51
529
592




6252
15
26
61
61
619
692
529
961
529
961
619
691
61
61

16159
159
592
529
952
52
52
51
299
63
629
952
529
916
51

51159
61
269
952
52
53
62
52
52
51
72
61
62
72
72

6251
15
529
952
52
159
962
72
72
62
52
529
692
52
51

5115
61
529
592
52
52
619
592
629
591
62
529




6161
52
529
592
52
52
83
519
926
51
62
52
62
72
639

2626
61
61
61
61
62
52
61
529
592
81
52




6162
26
15
61
61
46
62
649
9199
529
951



519

26951
915
269
961
619
954
549
954
639
962
72
52
52
52


5226
61
529
592
529
591
83
71
63
619
952
529
952
619
962

51159
269
952
52
52
369
962
52
529
591
62
61
629
792
519

2652
15
295
926
52
64
549
591
64
519
792
619
691
629
792

5115
61
26
61
61
619
974
629
591
62
51
51




6115
529
592
52
529
952
83
61
52
62




269

25159
269
952
52
52
529
983
63
52
529
952
529
962
529
692

15269
296
952
52
53
629
981
529
952
51
62
51




2652
195
952
529
592
52
83
52
169
692




529

16159
25
25
26
19
952
83
159
981
63
62
61
619
592
51

252
62
51
269
952
52
16
51
62
9919
592
619
592



2516
16
25
52
52
529
935
52
529
592
81
397
691
61


15916
961
25
529
592
52
52
16
52
52
529
691
619
961


5125
61
259
926
52
52
619
981
3
839
951
62
72
529
792

5216
52
52
52
53
269
691
61
629
951




269

15952
961
25
269
952
529
592
51
619
694
61
619
963
15
639

15962
925
529
792
61
36
519
952
62
519
592



62

15951
961
52
52
52
529
962
529
692
52




269

5116
269
916
52
52
539
915
819
981
396
951
61
52
2999


5261
169
952
52
539
692
81
819
953
519
692
619
592
619


2616
195
592
529
592
83
619
592
519
592
61
619




5226
61
52
52
529
952
83
52
619
691
62
529
691
529
92

26916
915
529
952
529
592
83
52
16
62
529
592
52
52
81

26952
961
619
961
61
629
592
529
592
529
891
529
961
529
952

26962
951
52
529
592
52
839
592
62
52
62
729
962
72
62

6252
16
61
61
619
962
529
592
61
619
952
529
951
28


52269
16
52
52
52
52
539
926
529
952
296
592




6125
25
2
529
592
529
952
839
591
62
72
64




6251
16
61
619
691
62
52
52
619
952



16
61

6225
159
952
529
591
62
52
52
51
529
981
81
36
729
926

6162
25
2999
952
52
52
196
592
62
61




16

6116
25
52
52
529
983
71
639
691
629
592
52




26952
952
52
16
52
52
64
74
61
529




52

15962
962
15
259
925
62
52
81
739
961
629
691
619
692


1615
15
9929
592
529
592
52
81
52
619
692
519
592
52
52

2551
26
619
981
81
52
52
52
169
951
619
961
819
951
62

2515
62
16
52
52
529
593
54
629
592



16
629

52159
61
52
529
952
529
893
51
629
591
729
691
529
962
72

1552
295
961
26
52
52
369
592
549
952
519
692
529
691
61

6215
51
529
952
529
592
839
951
629
592
51
61
619
592
61

16269
25
52
52
53
26
619
981
62
619
952
619




5252
16
52
52
52
396
951
62
529
952
81
629
692
61
63

6215
52
159
592
529
952
83
529
692
529
929
951




61269
61
61
61
61
64
52
519
962
52
519
692




6262
51
529
592
52
83
519
691
619
691
529
961




15926
926
169
961
619
961
51
619
691
629
691
61
52
529
981

226
61
52
529
592
529
952
529
983
169
952
72
52
529
972

1661
51
25
25
296
691
529
594
52
52




62

269269
951
25
296
952
64
529
592
52
52
51
619
952
52
62

5162
26
195
925
26
52
629
916
52
62
619
952




2516
61
52
529
592
52
83
629
792
51
52
519
692
196
962

15951
926
16
52
52
539
962
519
962
519
592
529
9992
619


2652
169
951
61
61
61
649
591
619
692
619
952
529
981
61

26159
15
52
529
591
629
951
295
951
619
9992
61
62
729


1616
51
259
925
269
592
529
891
819
592
619
961
61
52
61

5125
62
52
52
53
296
951
529
691
529
692
1
61



6152
52
619
952
529
592
52
64
72
629
592
54
629
961
529

15926
961
25
296
952
71
83
81
5659
692
61
52
619
691


15951
962
16
52
52
53
159
592
52
529
592
52
52
52
52

1525
269
951
259
926
52
529
952
52
61




259

15269
26
159
952
52
52
52
529
592
529
962
61
61
269
963

26926
951
529
952
52
83
51
61
296
951
62
519
972
61
29

52159
169
952
52
539
692
519
891
819
692
61
619
9992
52


5225
619
952
52
529
983
71
5559
961
529
792
629
961



6162
52
529
952
52
52
839
962
52
519
692
63
529
952
52

2652
159
952
529
952
16
629
952
2
529
925
62




2516
61
61
82
52
52
83
719
693
61
619
952
82
529
592

5125
62
159
926
52
539
925
629
691



26
62
54

1561
296
951
269
952
71
469
961
62
52
52
529
952
52
619

269159
952
16
619
961
469
692
52
619
952
619
691
61
61
61

15916
926
52
52
539
592
81
519
961
61
629
691
529
952
296

5262
52
16
52
16
529
951
9929
952
52
619
961
619
926
61

6152
529
592
52
529
952
83
15
61
629
951
629
9199
72
729

6161
529
952
52
52
196
952
52
529
952



269
981

26926
915
295
925
26
61
619
691
619
961




159

16269
159
925
26
52
52
359
962
52
51
2
619




6162
259
925
296
952
52
649
594
62
54
52
52
52
179
961

15951
961
25
2
529
592
819
963
51
629
962
619
961



2516
16
25
25
52
539
961
619
925
25
729
691




2661
159
952
52
529
952
83
15
296
951
629
691
619
693
619

5262
619
592
529
952
52
83
159
962
52



26
629

5162
26
159
592
72
619
939
972
72
46
519
691
619
691


2526
62
16
52
52
52
62
529
952
529
592
52



