15
62
52
52
53
6559
691
61
7779
692
99779
952
7679
945
619
692
62
51
61
82
529
981
639
952
6559
952
529
925
8589
916
289
592
51
269
952
52
52
36
489
755
961
529
877
916
8579
952
99789
792
51
26
52
15
269
952
839
556
691
61
779
929
777
926
619
974
15
62
159
925
269
952
589
692
629
952
779
972
99669
691
639
954
51
26
52
52
52
36
529
6966
7789
693
99779
961
519
691
61
619
25
61
52
529
952
529

952
529
962
819
937
7579
929
799
962
16
159
925
25
259
926
7579
891
5669
952
8669
925
52
619
961
619
15
296
952
52
52
5569
961
52
529
692
729



269
952
25
26
16
51
82
81
539
9666
519
962
889
566
961
259
929

15
62
52
52
53
269
6969
961
7679
591
99779
9559
961
197
969
951
61
52
529
592
52
52
579
961
2999
9992
689
766
9879
591
99579
592
61
529
592
529
952
81
5669
962
9969
961
829
962
819
5959
8959
591
62
51
259
961
61
61
479
945
549
952
589
927
679
92
729
952
25
16
52
52
52
529
9689
9399
619
929
939
961
6889
952
8779
592
52
16
196
691
619
961
379
945
889
555
961
819
9889
962
529
952
52
61
61
61
61
61
379
945
6589
961
749
58
919
952
9919
691
269
915
25
26
52
5559
7969
692
6789
925
5779
891
749
916
9666
691
51
26
195
926
52
52
669
6969
952
489
919
916
159
961
279
961
25
25
269
952
52
52
498
656
961
8679
9769
919
778
655
9889
592
159
952
52
529
963
639
929
556
989
961
99779
925
779
591
6889
591
61
52
529
952
52
52
839
9666
5579
972
729
555
929
691
729
963
15
52
529
592
169
962
396
592
2999
56
7979
92
398
691
6789
961
26
195
925
269
952
529
5969
692
977
962
729
954
99889
592
7889
961
62
15
529
961
61
619
888
972
498
916
8579
6956
877
5559
927
62
52
51
62
52
16
52
5679
952
529
666
961
279
891
819
591
52
51
269
952
52
53
26
629
666
88
9991
489
916
9677
972
529
591
15
259
962
52
52
36
7559
656
952
62
9777
952
889
961
8889
928
269
951
529
592
52
52
489
936
9989
691
629
592
977
952
9555
693
62
51
61
82
52
81
539
6966
519
961
8589
9999
9779
962
8589
952
26
195
925
52
72
81
539
952
9665
692
99779
961
8589
916
99779
591
52
61
52
529
952
52
839
566
961
269
792
72
189
952
8889
972
61
52
619
961
61
61
619
555
777
961
5789
794
99889
555
777
691
16
51
25
52
52
369
9689
691
2999
691
679
951
9989
952
197
962
15
61
259
961
61
61
479
691
9949
9955
7
691
779
9994
519
961
61
259
592
52
52
5559
9559
692
5589
9956
592
52
7779
963
529
692
62
15
295
961
61
61
479
961
769
9956
878
691
889
6
555

15
26
159
961
61
61
459
592
99589
692
5889
962
99789
592
99889
916
62
52
52
52
53
26
489
655
962
519
877
961
279
919
9878
83
15
295
926
52
52
36
629
592
5789
952
6779
962
99779
929
878
972
26
51
529
592
529
952
839
566
691
62
5589
962
8559
592
9989
592
62
15
295
952
729
981
539
691
589
962
619
555
592
779
9955
972
15
61
529
972
72
61
6559
915
289
555
9559
9299
529
929
9889
952
16
52
52
61
61
61
99589
961
99889
952
52
529
99779
83
719
962
15
269
915
269
915
9555
961
61
379
952
779
929
9779
981
8669
591
15
269
952
52
52
36
99589
926
9989
6966
8889
6966
889
952
99779
962
16
51
259
961
61
61
519
592
9939
961
397
6
777
556
788
974
51
269
952
52
52
369
66
691
298
693
5789
592
99579
9992
9777
962
15
296
951
61
25
9555
7979
926
9939
962
859
8955
5889
952
195
962
269
951
269
961
61
61
849
594
9969
555
952
52
489
9779
919
691
16
25
52
52
53
269
959
962
5589
556
929
592
5789
891
52
52
52
52
169
952
52
36
629
692
859
9955
677
9967
588
951
879
928
159
961
529
691
619
691
379
945
619
555
919
592
9919
592
8779
692
62
15
295
925
25
269
9759
952
489
983
7569
692
779
592
2999
952
61
25
529
691
61
619
949
691
619
952
977
949
687
951
966
951
269
952
51
25
296
952
839
556
961
61
779
691
769
951
6779
961
62
52
52
52
53
259
9966
592
7579
962
8889
983
169
666
592

51
26
52
52
52
36
629
961
859
9992
7779
566
929
691
8789
962
52
619
952
529
952
6669
691
61
789
93
819
952
99589
9992
889
983
16
15
529
952
196
952
859
9559
592
629
919
592
529
592
529
952
61
259
952
529
592
52
489
952
739
9666
5559
962
889
961
955
9992
25
61
25
296
915
25
9556
691
819
692
8559
592
819
981
819
973
15
296
915
259
925
26
579
691
6779
951
529
855
592
52
71
729
15
269
915
269
916
195
961
6669
952
159
788
961
729
559
7889
952
15
25
296
691
619
961
519
961
7679
951
5889
926
8889
6956
9777
974
15
26
52
52
52
5559
9679
962
9776
9666
61
629
952
519
977
61
26
15
529
592
52
81
539
951
99689
692
72
559
919
692
1999
691
269
915
529
592
52
5569
691
61
7779
952
619




16
16
25
52
52
53
26
529
9667
29
952
479
691
8779
692
529
691
269
915
25
26
159
592
8679
925
5559
7
961




159
51
259
926
52
52
369
5
656
9779
692
197
938
197
952
779
974
15
62
16
51
259
555
9779
926
389
983
63
6669
9779
9559
929
592
51
259
926
52
169
952
859
692
62
529
9994
529
9889
952
529
891
159
962
169
916
61
619
974
555
9919
961
8889
591
988
916
8789
951
15
26
15
296
915
529
6969
691
298
952
7889
693
977
691
789
972
269
952
159
961
61
61
479
945
8679
961
7889
558
788
566
9859
592
25
16
51
259
927
72
649
5956
5569
6959
952
479
962
519
691
62
62
51
52
52
529
592
9665
961
7889
961
729
555
952
52
52
52
51
62
52
52
53
6559
7969
692
189
9956
788
952
7679
691
889
692
15
296
952
619
961
61
9949
961
379
566
858
952
8889
952
5559
951
269
915
529
592
529
952
839
566
962
52
7789
962
8589
952
7789
952
52
16
61
81
52
529
666
666
961
61
559



26
81
25
26
51
259
926
5559
691
61
28
819
997
972
489
952
379
591
61
529
592
52
52
529
919
983
169
666
878
915
9777
92
789
962
159
962
159
592
529
936
5569
9859
77
962
889
591
5559
9299
61
619
16
25
16
61
61
61
489
555
8979
692
19
555
929
972
72
72
269
951
529
691
61
61
4999
961
3999
6969
952



1
529
25
25
62
52
52
53
839
929
666
592
7579
591
819
9966
858
962
61
259
952
619
961
61
8889
566
99959
961
279
961
789
974
519
952
51
26
159
926
15
259
961
269
858
962
9666
78
877
952
99779
974
15
26
15
52
52
639
556
67
9976
951
529
961
3999
989
9869
591
15
25
269
691
61
61
7579
961
5669
951
7889
591
9677
981
5669
951
25
15
26
52
52
529
6989
691
898
693
589
9666
7779
929
67
961
25
52
52
52
53
296
777
972
6669
555
9977
995
954
9777
878
891
269
952
159
925
296
952
859
983
5679
969
972




62
51
269
951
61
82
729
972
519
555
5559
297
952
19
592
5789
591
15
259
926
52
169
952
859
962
629
9991
7889
939
9689
961
7779
972
15
62
52
52
53
26
629
964
9677
951
759
9992
99889
6956
29
952
15
296
915
259
925
269
969
919
981
629
855
929
877
6959
688

26
15
295
952
529
952
839
5966
297
962
7789
692
889
972
7669
692
51
61
529
592
379
972
729
5955
8569
959
952
52
1999
952
52
819
25
61
259
926
52
52
5569
558
929
865
777
929
555
929
9889
919
51
529
961
529
973
72
729
555
666
981
99889
556
952
529
592
52
16
159
592
729
972
5559
556
691
297
555
9859
962
729
972
619
961
26
15
295
926
52
52
396
692
489
952
5679
929
7979
963
8889
591
16
25
269
961
61
61
489
591
459
996
952
52
7779
951
259
952
15
62
619
981
52
52
369
952
6669
691
789
591
8789
591
7779
972
61
529
592
52
52
529
919
983
666
62
99589
692
5889
692
529
592
62
51
269
691
61
619
85
594
769
9955
952
16
7889
962
99779
952
25
15
26
52
52
53
669
5959
9977
927
8669
929
9779
591
8589
951
62
51
52
619
691
619
5959
961
379
952
77
99569

961
619
691
61
259
592
729
981
53
6559
962
839
5596
7679
592
9555
929
9589
592
61
52
529
952
52
52
489
952
739
926
99579
692
619
7989
8979
692
25
16
25
25
269
952
649
666
919
961
29
591
529
555
919

61
529
691
61
61
61
619
5559
8589
91
9777
667
919
66
887
9991
269
952
52
159
925
296
699
919
981
5559
962
589
692
72
72
61
61
259
952
52
529
981
6569
692
5589
929
666



16
52
52
61
529
691
61
61
99579
961
9677
591
99889
556
777
99969
888
961
52
169
915
529
592
63
589
9965
691
52
529
952
529
952
649
952
25
51
62
52
52
539
969
962
8669
592
955
972
99779
952
8589
981
26
15
25
61
61
61
479
961
9556
951
9666
961
779
926
619
961
25
269
952
52
52
529
9869
939
6
952
529
972
9556
962
819
891
269
915
52
619
691
619
951
529
9689
9993
529
952
8779
951
7779
592
61
529
952
529
952
529
665
961
8789
961
279
692
8559
929
9689
592
26
52
15
52
729
981
539
952
9666
952
8789
692
8589
692
9666
961
269
915
529
592
52
52
839
566
961
52
729
592
498
952
889
916
25
15
269
952
52
5569
961
61
72
619
948
72
669
592
9777
952
159
925
26
619
691
61
729
961
619
981
7589
963
749
916
9566
951
52
61
529
952
52
529
667
691
99589
952
8789
893
9666
917
889
961
61
259
925
259
925
269
866
919
981
629
767
951
889
9656
9777
947
16
15
25
52
529
963
869
693
9989
9559
961
62
6669



269
952
159
592
52
52
839
666
6989
592
5889
952
8559
916
6589
791
61
529
592
52
529
981
539
9666
619
555
777
951
99779
962
7779
962
51
62
51
61
82
37
729
591
459
5559
549
591
629
925
859
952
16
159
926
61
61
61
619
794
519
961
99669
919
656
91
819
591
62
15
259
926
52
649
556
927
297
655
877
919
9789
692
619
961
51
269
916
619
691
61
849
5559
7779
5955
9919
588
8979
961
5789
961
15
62
169
691
61
619
9869
555
777
974
559
555
981
61
29
962
51
52
61
52
52
639
929
961
7569
919
766
9679
919
691
9555

16
51
25
529
592
369
85
65
961
61
7789
962
9777
952
8589
936
51
52
529
952
519
692
6569
927
8679
962
879
5559
269



269
915
295
925
296
952
649
666
919
929
997
951
81
9929
9559
952
26
159
925
529
792
81
539
592
955
766
588
919
6979
9759
777
951
15
62
619
981
529
937
72
9555
666
961
6779
951
99889
952
9989
952
26
15
26
61
61
61
955
592
6789
961
769
961
8889
9955
777
939
26
195
952
52
529
952
489
952
739
9666
5559
926
99889
667
929
972
16
51
52
72
72
61
45
6559
951
619
99989
891
99889
565
5
962
269
952
52
52
52
5569
9779
952
839
952
9666
691
529
592
489
952
51
61
259
592
529
916
589
55
952
529
77
961
99779
655
778
592
269
915
52
529
952
529
9669
66
961
529
919
858
888
952
5779
952
16
15
25
269
961
619
899
556
778
666
961



2
619
62
51
52
529
952
52
839
656
691
61
779
952
9777
974
5559
961
25
26
169
961
61
54
6789
961
5889
556
961
529
8989
928
189
962
159
925
296
952
52
819
9559
692
8779
952
9979
566
887
9992
9556
92
25
26
52
52
52
53
9969
962
889
983
179
656
878
9666
8889
91
16
52
52
61
61
61
5889
592
9556
962
977
952
9777
556
929
951
269
915
52
529
592
52
719
556
961
529
949
692
19
972
8559
962
62
52
15
529
972
81
539
963
589
692
6669
917
789
951
789
951
269
952
169
691
61
619
666
556
591
61
61
37
6789
99979
961
61
62
159
925
52
72
81
539
592
61
619
592
529
951
62
619
962
159
962
169
691
619
961
498
555
9991
62
1999
961
9777
794
8559
961
16
25
26
81
52
52
529
556
691
259
9889
592
759
9579
919
592
62
159
926
61
61
61
955
9966
691
529
919




16
16
51
529
952
52
369
5979
691
7889
961
99789
6956
9959
952
529
952
61
52
61
619
961
61
619
655
8989
766
961
619
961
61
61
619
61
52
52
529
952
52
839
566
961
529
949
962
9919
592
9666
952
16
25
159
961
61
61
8589
972
839
961
72
6669
961
619
961
61
51
62
52
52
53
26
589
9659
961
61
779
952
779
99958
28
179
25
16
26
619
691
54
99889
981
529
691
99889
952
99779
666
888
9993
269
915
259
925
296
666
919
952
5889
692
8889
555
777
656
961

62
52
159
961
61
61
459
961
769
919
929
592
7889
591
889
983
61
529
952
619
691
61
5589
962
529
592
579
691
619
7969
919
961
25
62
52
52
53
6559
9679
692
6789
962
8679
792
879
962
379
962
16
15
296
961
619
691
619
591
479
691
966
692
197
925
619
691
159
592
52
529
916
629
666
952
7789
963
99779
566
878
555
678
961
15
295
962
52
53
26
689
691
7889
691
7789
792
8559
656
577
962
269
951
52
619
961
61
5789
974
829
656
7959
691
8889
666
591
52
15
62
52
52
53
269
939
952
6779
566
878
962
389
951
779
691
269
915
296
961
619
594
749
591
29
691
5679
919
9579
939
766
591
269
915
25
295
926
52
5569
6977
629
919
929
592
9919
917
9777
952
269
952
159
592
529
952
839
566
961
61
289
939
777
981
83
72
61
52
52
529
592
5559
9955
667
962
72
519
691
619
592
739
592
16
52
15
296
915
52
859
962
99579
592
779
972
539
655
8979
962
61
25
26
61
619
691
559
9966
961




16
82
51
159
961
26
619
691
619
974
555
819
961
99889
951
7579
592
99589
952
62
159
925
269
961
61
99579
691
9929
855
578
929
777
555
777
981
26
15
259
926
52
64
529
666
952
52
9919
961
2999
691
729

61
52
52
529
592
83
6669
5
929
952
8779
692
629
592
8779
692
62
159
952
529
952
529
7959
56
961
61
789
981
7669
961
279
962
15
269
916
619
961
61
379
945
819
891
819
555
919
961
289
592
52
61
52
529
592
529
9689
5969
962
6669
888
592
9777
692
8889
983
15
61
52
52
52
639
5989
9659
691
61
5589
67
972



159
926
169
951
82
379
792
52
9556
591
9555
925
519
981
819
935
26
52
52
52
52
53
839
952
7779
656
99989
962
6889
919
7979
692
16
52
52
52
53
269
969
919
929
961
9777
9555
99789
891
6679
952
15
269
952
619
691
61
729
691
397
946
9556
951
6779
951
519
961
16
25
52
159
925
6559
6989
793
629
963
298
656
888
592
629
951
15
62
51
529
972
37
72
519
555
961
7589
951
489
952
7579
692
159
925
269
952
52
369
995
9559
929
792
5569
962
819
792
5559
962
61
25
52
52
52
52
839
566
961
61
279
962
169
919
656
981
25
62
52
52
53
5559
766
972
729
6669
7779
961
2999
916
198
592
26
159
952
52
529
981
6569
928
966
989
929
951
297
691
7779
692
26
51
52
52
52
529
9759
9659
9789
691
819
983
197
9669
952
52
62
159
952
52
52
52
489
936
5789
961
629
926
9919
952
669
691
51
61
269
961
619
961
397
945
889
555
952
719
9889
962
679
692
61
52
52
529
952
83
5669
691
769
692
5889
5959
981



52
619
952
619
691
61
5889
962
5889
666
888
592
839
925
7779
693
61
529
592
52
52
81
539
9666
619
592
6889
952
7789
666
792
729
26
15
269
961
61
61
955
961
99779
555
777
951
529



61
259
592
529
952
52
489
952
9979
936
5559
962
8589
962
819
972
25
269
952
619
961
61
497
952
779
961
619
566
919
9967
919
915
26
52
169
916
61
61
9566
951
7789
951
679
591
967
961
819
591
51
269
951
61
82
73
72
9666
665
919
9579
961
579
99969
667
951
159
962
159
952
529
936
398
995
929
691
2999
691
7579
961
9929
952
25
26
15
529
972
81
539
952
956
66
952
197
758
91
5559
692
26
51
269
961
61
495
9869
591
7669
981
849
954
819
594
769
692
51
269
952
52
52
369
9589
926
8579
951
9979
666
888
692
7889
972
26
159
925
26
619
691
619
666
88
9199
8889
954
8779
566
929
951
61
529
592
52
529
952
489
952
739
9666
7779
962
198
9559
878
952
26
52
52
52
52
53
839
929
6969
592
7679
951
279
962
769
692
62
52
52
52
53
269

55
691
52
729
691
2999
592
529
952
62
51
25
52
729
981
53
666
629
592
8589
961
5789
962
8889
927
51
62
61
81
529
952
359
655
961
62
669
961
955
5
989
91
16
52
52
52
53
269
9589
929
666
916
1999
9966
919
688
916
62
15
62
15
296
952
52
6559
558
929
995
778
927
5559
92
559
692
62
15
269
916
61
61
9555
961
81
259
885
592
159
952
529
952
26
52
52
52
52
539
599
983
719
656
929
6669
9919
799
8
692
25
26
159
592
529
592
839
656
961




6559
929
961
269
915
269
961
61
619
5959
961
779
961
559
691
8889
961
889
591
51
62
16
61
619
691
849
555
952
52
779
962
9919
891
7789
981
51
26
52
52
53
269
691
629
9579
691
8889
6596
8789
666
758
952
62
15
26
619
691
61
99559
9669
961
61
619
961
489
926
519
691
52
52
52
52
53
26
759
929
667
952
6669
9555
159
972
72
72
269
915
269
691
619
954
749
691
99679
556
556




51
15
26
52
52
53
269
961
629
989
691
549
929
7989
692
99779
693
26
159
952
61
61
61
99579
961
61
74
529
918
7559
919


51
529
592
529
693
639
66
919
858
961
297
952
8559
962
889
591
16
52
15
25
259
926
839
599
555
692
559
926
6889
917
9555
592
62
15
529
592
529
655
691
61
289
981
489
983
72
9666
88
973
61
52
529
592
52
52
489
952
739
9666
9555
962
889
691
5559
792
26
52
15
529
792
81
539
6669
9555
9992
529
666
929



62
159
592
52
529
952
489
952
739
666
792
619
758



62
51
259
925
25
269
85
9659
961
61
8779
952
829
952
5559
926
61
52
52
52
52
81
539
591
966
7969
99979
961
7889
917
569
591
61
25
295
926
52
5559
9967
962
9979
962
889
556
929
692
8889
961
159
952
52
52
639
963
289
952
6669
952
7779
951
889
594
9777
692
62
51
52
52
529
952
739
995
777
972
9566
928
7789
594
579
961
51
259
962
52
52
36
489
599
961
61
779
951
9979
9992
7789
592
51
269
951
26
52
52
5569
9769
8989
692
9666
9889
919
972
8779
962
62
15
25
26
52
52
619
952
5679
577
9589
981
819
983
6789
951
159
961
259
925
269
952
839
556
691
61
289
929
8979
592
99789
925
62
15
259
926
619
691
61
51
849
952
189
591
819
592
5559
962
61
529
952
529
592
81
539
951
99679
56
691



2
529
62
15
26
619
691
54
749
591
61
51
7889
962
8889
91
819
962
26
51
52
529
952
52
839
566
952
72
629
919
77
929
677
591
61
52
52
529
592
529
919
983
6669
962
869
962
8889
666
687
961
25
269
951
52
72
81
539
952
759
666
767
9955
9889
929
9977
962
51
269
915
529
792
179
972
5559
9966
592
5889
591
9555
962
889
792
16
52
52
52
53
259

919
592
629
919
961
619
962
9919
952
51
61
529
592
739
972
72
555
8669
691
99679
951
99889
951
889
591
15
295
926
619
961
61
729
961
519
927
61
749
8969
5989
888
981
25
25
269
691
61
61
479
961
789
591
5669
591
6679
591
966
591
51
26
15
25
26
52
6579
952
859
962
789
9669
919
952
889
952
25
62
169
691
619
691
99559
961
6889
591
529
952
7889
591
7889
893
15
529
952
52
63
639
8969
691
7889
656
592
52
52
529
591
62
62
51
26
51
829
981
539
693
629
961
689
692
179
951
7679
951
25
61
259
952
72
81
539
961
52
62
529
692
7789
692
99889
961
61
259
592
72
81
539
556
959
766
962
99779
952
789
692
6779
962
25
62
61
81
529
981
539
692
6569
692
7559
692
619
792
669
951
15
269
961
819
592
52
529
951
279
555
799
567
691



61
259
592
529
952
81
5669
962
889
893
9565
591
9929
56
855
961
15
61
259
961
82
379
792
5559
6959
691
7889
666
888
666
878
951
61
259
926
619
691
619
9559
952
789
945
9979
6956
7889
962
859
962
26
195
592
529
952
529
667
961
8889
981
53
52
9655
951
529
891
51
61
529
592
529
916
589
9956
961
62
7779
929
878
961
889
972
26
159
592
529
952
81
539
591
769
6969
99979
592
5889
972
9555
919
26
52
15
295
926
52
5679
952
649
66
951




169
16
51
529
952
529
91
39
655
691
529
777
691
99779
5559
8889
961
16
15
26
619
961
61
619
555
989
9991
819
928
83
9556
858
592
25
26
51
25
26
52
5679
951
779
961
4999
961
397
592
8779
594
26
52
159
926
169
915
61
6669
952
18
669
9991
99779
961
54
51
51
26
52
52
53
5669
929
962
379
962
779
952
7789
593
519
961
16
52
169
951
259
592
6559
9967
8989
66
9889
925
5589
692
5889
972
15
269
915
61
259
952
39
591
279
693
5779
962
189
592
9666
916
269
951
26
196
691
619
556
9991
9677
591
6789
591
6669
951
6779
591
25
16
26
619
691
619
888
915
7579
981
649
5569
99579
592
679
691
62
159
952
619
691
619
558
692
8669
952
879
961
7889
9555
629
952
26
51
259
952
72
81
539
592
689
666
888
6966
7679
952
9919
592
26
195
952
52
529
952
839
566
792
52
9919
592
7559
962
5889
962
61
529
952
61
619
961
769
591
956
989
5979
951
977
919
691
619
61
529
961
61
619
961
559
6969
691
529
878
951
7779
794
9555
951
269
951
259
925
26
52
859
983
295
99969
799
929
939
792
6589
691
51
26
169
951
25
25
6559
961
9555
952
159
929
949
893
195
962
16
52
159
926
159
592
6789
925
5789
936
8589
692
6789
929
777
972
159
962
159
592
52
63
839
599
767
666
8897
259
8959
692
819
592
25
269
952
52
52
53
839
962
5559
591
879
692
529
792
5559
981
61
529
952
529
592
52
839
592
9666
927
297
792
759
592
569
692
15
62
16
51
25
52
5569
558
777
692
879
962
8779
929
6989
691
15
529
592
529
916
629
939
693
629
592
619
858
929
9199
8779
915
26
195
926
619
691
5559
929
963
2999
92
8779
951
8579
692
7679
592
25
26
169
951
829
981
539
9669
6969
691
39
592
879
981
8589
691
269
915
25
259
926
5559
691
52
72
519
787
927
719
592
819
592
269
951
26
61
61
619
5989
954
7589
961
5789
692
8889
665
788
983
25
15
269
952
52
53
966
952
6789
962
5779
792
8589
5959
877
592
15
529
952
52
196
963
619
962
99589
962
9777
962
789
692
498
592
62
52
52
52
53
25
295
983
719
655
951
62
529
951
5559
792
62
15
295
592
52
52
839
566
961




6559
929
961
26
51
259
926
195
952
729
961
619
951
819
952
99789
585
952
72
25
269
952
61
619
961
497
555
9977
961
8889
891
5669
951
7889
691
159
926
52
52
52
369
7959
9559
961
81
7779
591
579
691
8789
692
25
61
529
961
61
61
619
656
952




159
929
692
15
61
52
52
529
565
961
61
72
619
929
925
99589
962
729
691
269
952
52
52
52
53
5579
983
6669
592
529
972
9777
592
49
962
159
961
259
926
159
555
9779
926
955
951
99889
919
599
55
777
692
61
52
529
592
52
52
839
566
961
52
8569
792
529
952
529
893
51
259
962
52
52
36
859
926
8579
692
1999
9967
77
691
5889
962
26
195
952
619
961
61
4999
961
956
99989
878
555
892
5889
929
927
52
51
269
952
52
36
569
961
789
962
99589
9299
7789
6669
879
961
51
62
52
15
296
952
589
9956
961
61
8889
592
99779
961
99589
952
269
951
529
592
52
81
539
666
981
555
9777
592
99579
592
8789
692
159
592
52
52
196
952
739
963
639
962
99789
692
519
962
5889
692
51
25
26
52
52
369
666
9992
779
691
8779
566
55
592
99679
951
16
52
159
926
15
529
655
855
777
962
7779
929
899
592
529
951
25
25
62
619
691
619
878
891
5779
981
556
6669
888
666
929
592
16
159
592
52
529
963
639
962
8579
592
8589
918
9939
9199
7779
962
25
52
52
52
53
269
777
555
766
961
977
929
918
72
489
792
26
51
25
295
925
269
7959
691
7779
9555
8779
962
819
592
529
592
61
52
529
592
52
52
489
952
739
6966
729
952
619
592
5559
961
52
16
52
52
52
5569
961
62
71
25
7779
693
619
961
8889
951
26
195
592
52
52
52
719
6959
8
692
8559
927
879
936
859
792
26
195
952
529
952
52
839
566
961
529
919



6589
962
61
52
529
952
52
52
739
969
919
691
7579
961
8889
951
779
962
62
159
592
729
981
53
9556
939
691
61
289
591
9989
915
9555
692
16
51
259
925
25
269
866
919
929
691
298
692
789
928
5779
591
52
169
952
52
52
369
9859
926
629
972
9939
67
5979
918
6789
591
159
592
61
52
52
39
656
691
889
961
99889
692
3999
592
8559
692
269
915
52
529
952
5559
7969
962
9776
9559
919
929
891
74
99889
983
159
925
296
952
52
36
869
961
2999
691
99779
961
5789
951
8889
9991
16
51
52
61
619
691
619
666
952
61
819



5559
792
26
52
169
691
619
691
849
951
497
555
9789
9669
929
952
52
619
51
259
962
52
53
269
5969
962
5789
555
972
189
85
962
789
962
25
269
916
51
82
81
6569
961
529
961
619
691
889
961
8779
952
16
51
529
592
529
693
839
959
555
926
99889
692
7589
915
629
972
269
952
52
52
52
53
259
983
169
592
51
619
555
961
52
52
51
52
529
952
63
63
289
952
99579
691
9777
972
729
6955
52
529
51
61
529
952
37
729
972
5559
666
952
7669
961
9666
792
6669

159
926
195
952
729
793
72
9555
9966
66
961
52
529
9566
279
951
16
15
259
592
52
639
9579
5959
961
52
529
952
958
891
619
691
269
952
52
52
52
53
259
983
169
951
529
961
529
961
8589
961
62
51
259
592
729
981
539
693
619
951
9929
961
729
591
769
691
15
26
52
52
52
36
39
919
9869
592
977
591
779
692
769
951
16
52
61
81
529
592
9939
592
5559
951
6889
591
529
592
52
52
25
15
269
951
269
952
839
952
529
666
767
962
8789
692
1999
691
15
25
269
961
619
691
6569
916
189
918
879
961
539
591
7779
974
26
159
592
619
691
61
8559
692
99589
961
9989
962
889
66
9889
962
15
529
952
52
16
369
939
5969
758
961
8789
951
7669
692
977
592
52
169
915
52
72
197
972
529
556
555
592



159
693
269
951
259
961
61
61
479
691
519
691
8889
566
77
558
891

269
952
159
925
269
952
839
592
839
666
555
7989

928
6559
972
269
952
52
52
52
53
839
566
691
61
779
952
7779
951
8589
91
26
52
52
52
52
539
9669
952
9979
962
8889
983
169
56
919
9992
269
952
52
52
52
53
297
655
877
983
719
6669
198
962
7789
792
51
26
15
52
729
937
729
5559
5569
691
529
952
1999
9666
739
963
25
15
296
952
52
539
996
692
629
952
829
952
529
952
529
592
25
25
26
61
619
691
49
961
559
592
729
972
8789
962
8889
915
52
52
52
52
53
269
5979
592
99559
962
529
7979
962
71
62
729
269
915
52
529
592
529
919
9956
766
917
289
792
8679
952
9959
792
25
62
159
925
269
952
839
592
7779
981
539
666
691



52
169
952
52
53
26
8569
962
889
591
9979
6966
8889
692
8579
961
62
159
925
52
72
81
539
9666
966
919
929
961
61
529
952
529
26
195
925
259
926
52
189
952
5789
591
6789
961
99779
691
9677
981
62
159
952
529
952
52
839
9666
8889
566
792
62
8889
5669
2999
962
159
961
25
52
529
693
99589
9659
691
61
7789
962
7889
666
888
792
52
52
52
52
53
269
6989
666
891
629
962
819
792
639
951
52
159
592
529
592
52
666
619
929
878
961
889
961
6779
56
9789
591
26
15
296
961
619
961
559
6969
952
51
62
52
169
99979
939
951
61
529
952
529
952
52
839
566
961
729
55
927
7589
692
8889
792
269
952
52
52
52
53
99669
952
8679
692
879
655
919



16
25
25
25
53
26
489
655
961
529
919



559
692
26
52
52
619
961
61
769
951
519
592
849
919
667
592
19
691
16
51
529
592
52
396
5979
691
8889
6966
29
691
6779
929
919
951
51
62
619
981
52
397
972
5569
5959
961
29
555
952
52
619
592
51
259
926
52
52
529
9759
6969
919
9967
767
928
197
5959
9789
591
52
61
52
619
691
61
869
961
6779
925
7579
9559
919
9999
929
891
269
951
52
619
961
61
99559
961
379
592
189
656
961
6789
767
591
269
952
51
52
72
81
539
693
5559
792
729
566
918
196
858
952
51
61
26
61
61
61
849
591
679
5959
952



269
691
61
52
52
52
529
952
839
566
691
729
666
692
9919
691
39
972
52
169
961
81
529
592
529
591
279
555
777
566
777
9966
951
829
62
159
926
61
619
961
99559
592
9677
951
9677
951
6779
962
519
961
269
951
259
592
729
981
539
592
529
592
99689
667
88
666
9889
691
25
25
26
52
52
52
839
9666
729
692
8589
692
5889
952
789
962
16
52
169
691
61
61
619
555
997
952
99779
916
8589
919
9779
974
25
269
951
52
72
81
539
952
7569
592
99779
965
8679
962
519
691
26
52
15
269
915
9555
961
52
37
62
777
71
74
61
569
691
61
529
952
52
52
52
489
936
5789
952
7679
691
5779
952
5559
927
26
51
269
691
61
61
849
591
9949
666
591
61
61
61
61
61
269
951
269
961
61
459
979
954
8679
665
919
961
829
981
679
951
269
951
26
51
82
81
539
6669
519
961
298
891
9979
66
952
52
16
51
529
952
52
396
9579
961
7889
961
789
792
729
655
979
592
25
16
52
52
52
53
9969
692
6779
691
9979
691
839
691
6669
981
26
15
25
295
926
52
6889
952
719
556
787
556
788
666
888
692
61
52
52
529
952
52
839
592
7779
566
692
52
7679
962
779
691
61
52
529
592
52
52
839
566
691
52
729
962
719
792
52
619
16
159
925
25
295
926
398
655
99989
592
778
99569
952
729
972
719
62
159
925
529
952
52
839
566
961
61
779
592
4999
952
379
691
159
952
52
529
916
9556
961
61
8889
952
529
961
529
592
52
52
52
61
529
961
619
961
9949
691
397
556



26
5589
972
25
26
16
619
961
61
539
566
952




159
555
951
16
159
952
619
961
619
9579
961
7679
945
789
951
8679
951
6889
974
15
269
952
52
53
26
869
961
619
691
279
961
977
974
9566
591
159
961
269
691
61
61
619
566
919
8959
929
918
6889
591
679
591
25
15
296
952
52
53
297
655
777
961
99679
558
919
927
8789
792
62
52
15
529
952
52
739
599
7979
792
9566
961
298
952
9777
952
269
915
259
592
72
81
53
52
9666
599
952




629
16
51
529
592
52
639
9689
961
99779
591
6779
929
9889
919
588
962
51
52
52
529
591
26
5679
6969
99979
929
9977
974
829
972
489
928
62
51
259
926
61
61
619
666
961
8889
7
591
7889
5966
8779
691
51
269
691
81
52
37
729
952
9555
755
6979
916
629
9689
5959
592
16
159
925
25
269
555
592
52
99779
952
8589
691
99559
962
859
972
269
952
15
26
15
529
9589
692
7589
893
6779
962
8589
952
7779
692
15
25
26
619
691
619
929
961
539
592
619
929
981
9555
692
519
159
592
529
592
529
6669
889
592
7579
666
919
577
777
928
5589
692
25
26
61
81
529
952
169
592
5579
692
889
983
719
656
767
691
52
52
52
52
53
6559
787
926
629
699
777
591
7789
9556
296

51
26
52
52
53
26
629
592
9677
692
99789
692
99889
566
878
951
61
52
529
592
52
529
919
592
7669
691
8889
983
6559
962
8559
952
269
915
295
952
729
951
749
891
99559
962
6669
919
8978
619
9889
983
61
52
52
52
529
952
839
566
691
52
529
952
9555
972
99589
973
269
915
295
592
529
952
839
9656
8559
692
7589
591
259
692
5559
792
26
159
952
52
52
81
539
566
691
529
949
952
4999
981
269
952
15
296
952
52
53
26
869
691
9677
591
39
855
952
52
529
592
25
61
26
61
61
61
849
594
6679
591
977
591
6569
891
819
591
269
951
25
52
72
81
539
592
529
666
888
665
952
779
929
592
269
952
52
52
52
539
997
5
961
529
9779
692
198
592
6559
939
26
195
925
295
925
26
8669
919
981
62
6779
591
99589
692
619
962
26
15
529
592
529
981
5669
982
279
915
8679
55
777
5669
99889
691
15
26
16
169
691
61
619
656
788
6969
66
951
779
961
529
691
159
961
259
925
295
926
839
5
692
9556
952
17
72
649
952
62
62
15
25
52
52
52
839
592
729
5659
7579
919
9955
925
5579
961
51
61
529
952
739
972
72
9555
555
952
519
952
529
691
6889
592
25
25
26
52
52
52
839
566
961
61
7779
919
799
9966
888
962
61
52
52
529
592
52
869
961
2999
961
8889
936
9777
666
929

269
915
259
926
195
592
5779
925
5889
936
8679
929
7959
961
99889
952
15
269
691
81
52
73
729
555
961
619
699
91
977
928
5779
951
15
295
961
259
926
52
859
692
8789
916
389
676
929
918
7779
9992
51
259
926
52
52
36
8569
692
629
952
9777
693
619
952
889
692
15
269
952
52
169
952
839
555
555
792
955
666
592
529
952
48
25
61
529
952
52
81
6559
972
839
566
9779
691
289
591
839
952
51
26
15
259
926
5559
9967
9655
7679
929
588
918
7679
961
297
951
26
51
61
82
52
81
5669
926
6889
691
5889
692
5889
961
779
893
62
159
925
269
961
61
859
692
8779
592
819
656
929
952
8789
691
16
15
295
926
619
691
39
691
9919
691
589
919
878
917
669
981
62
15
52
529
952
52
719
959
691
619
88
983
7679
951
5669
961
25
25
62
52
52
53
9969
692
5679
592
5589
692
195
927
7789
962
159
961
529
952
379
972
72
9555
555
952
9585
961
819
962
5669
962
51
62
169
691
619
691
397
945
5559
919
8
951
7779
692
8789
891
16
52
52
52
53
269
9579
9559
691
52
729
961
8889
952
99789
962
159
592
52
52
16
629
939
693
639
691
9929
952
8889
982
9666
691
159
592
529
592
63
63
289
952
6669
952
779
592
197
963
8889
963
61
529
952
52
52
52
489
952
739
926
9677
952
9666
918
729
591
51
61
52
72
72
619
954
9556
951
619
588
9859
55
952
639
952
15
61
26
619
961
61
9949
974
5559
692
7679
952
789
692
967
962
16
15
296
691
619
691
619
656
952



269
9666
5569
962
61
259
925
529
592
52
839
952
779
592
9566
9759
929
8959
558
952
269
915
26
61
61
54
749
961
6579
655
878
555
972
61
619
962
159
961
25
269
915
529
556
962
7889
962
5669



269
961
16
15
259
926
619
691
769
951
819
592
6589
962
7779
691
6679
591
269
915
296
961
61
61
5569
919
677
9199
5579
928
9989
592
99579
961
61
25
529
691
61
61
379
949
9769
961
8889
9555
7779
5955
198
591
15
296
952
52
52
36
498
556
961
52
529
962
829
592
879
953
15
296
952
52
52
36
489
665
981
629
666



629
591
51
26
16
169
691
61
619
951
749
961
9666
591
619
961
539
951
15
269
952
52
52
369
939
9991
9929
952
8789
961
819
962
6679
691
52
159
962
52
52
36
498
592
819
692
7559
592
5589
962
729
792
15
52
52
52
196
963
6589
962
629
592
977
962
8579
961
8889
952
52
52
52
52
539
926
7779
793
99579
693
629
592
8789
961
878
629
25
52
52
52
369
952
769
962
9969
592
8589
962
789
592
529
592
15
269
952
619
961
61
7889
891
639
656
99979
951
99889
591
99779
972
269
951
529
592
529
952
9919
9659
8979
666
952
7789
667
917
8779
954
159
961
259
961
61
61
479
961
498
9559
919
928
759
755
8989
962
16
159
926
61
619
691
619
974
9556
917
9666
981
7669
951
296
961
269
915
52
72
81
539
655
962
99569
5955
62
7679
788
927
7789
961
52
15
296
952
52
529
939
961
529
919
677
925
19
9999
7979
962
61
25
259
592
72
81
53
656
629
599
929
919
9689
952
619
961
16
51
52
529
592
396
856
692
5779
936
289
592
779
655
929
952
62
159
592
52
52
52
739
995
961
629
888
592
39
9666
5559
951
26
52
169
691
61
61
849
594
7569
555
952



1
62
25
269
952
51
25
5559
777
926
9989
952
9666
929
855
962
5559
927
52
16
16
619
961
61
619
9555
7889
951
7779
5955
8889
566
8989
691
52
16
52
52
52
36
529
9666
9919
776
6
767
666
919
92
61
16
52
52
52
53
269
961
62
869
9499
759
692
9777
981
966
974
16
159
592
61
61
619
951
529
687
935
297
592
889
936
7789
961
51
26
195
592
72
729
972
649
555
9559
67
688
5979
7959
8959
962
26
15
529
792
81
53
5569
691
8589
961
5559
692
589
962
629
952
159
962
15
259
926
52
839
599
952
52
52
52
819
592
619
952
51
259
926
52
52
369
5
9559
929
961
879
962
5669
997
919
891
62
52
52
52
53
26
9949
919
929
952
1999
578
9579
9991
81
73
15
52
52
529
916
369
995
962
9979
5
877
693
529
692
619
972
16
15
259
952
529
963
869
691
8789
961
5889
666
788
566
877
962
51
529
961
529
793
729
972
549
691
9555
667
952
196
555
961
72
51
62
15
25
296
952
519
692
6579
961
5889
9994
2999
961
7779
592
159
926
52
52
53
62
489
916
5789
592
9667
929
952
52
529
952
62
51
52
52
52
529
6989
793
7559
556
691
819
9589
9299
529
952
52
52
52
52
53
269
9579
692
9989
556
961
819
929
962
6589
9299
26
52
169
691
61
45
497
691
9666
591
99779
591
819
891
8559
981
61
259
926
619
691
54
679
915
9666
591
7679
951
619
592
99669
961
26
195
592
72
81
53
9555
5965
6679
691
7889
961
99789
565
952
619
61
25
259
925
269
952
839
952
6669
952
72
2999
8959
961
8889
9299
62
15
295
926
52
52
369
592
9959
692
6779
9966
961
269
778
961
62
15
295
926
52
529
566
9956
792
519
877
566
952
19
8959
792
51
269
915
52
529
793
639
972
749
972
9566
555
891
819
866
961
15
296
916
61
61
61
379
946
289
655
567
591
99789
951
8889
946
269
915
26
619
691
549
5979
961
589
66
961
259
9879
591
7889
692
269
915
529
952
52
52
1999
983
16
666
9929
952
529
592
99589
891
15
62
52
52
53
269
9689
952
5779
555
961
298
952
6669
972
72
62
51
26
61
619
961
99889
981
498
981
63
9556
691
519
961
529
51
269
916
51
82
739
792
9666
9955
665
961
52
789
766
929
952
52
61
52
52
52
52
839
666
888
6669
8889
9966
961
619
972
72
62
51
25
52
729
981
539
691
99589
962
9555
692
529
9679
577
962
269
915
296
961
61
54
7579
691
9666
591
7679
591
619
591
8579
591
52
169
915
26
52
52
36
529
766
691
8589
961
8889
692
8579
691
52
159
926
52
52
53
629
951
9969
592
7789
952
9677
962
5779
692
51
269
952
52
52
369
9579
692
6889
655
952
6669
888
592
52
529
15
26
52
52
53
62
369
952
9929
692
729
951
498
962
619
691
25
25
269
952
52
52
839
9666
8889
566
961
279
929
691
879
962
51
52
529
592
639
693
669
963
61
81
839
962
7559
599
592
61
62
159
925
259
926
52
5679
952
859
99959
691
819
929
792
9667
591
159
962
15
259
926
52
6669
9559
961
61
379
952
529
981
72
72
159
925
269
961
61
61
61
539
919
951
29
961
619
692
629
915
16
25
52
52
53
26
759
592
966
919
6
961
879
952
8789
962
16
52
61
81
52
37
72
9955
99559
655
592
52
779
9955
962
52
62
15
295
926
619
691
849
954
99679
665
9789
952
8889
918
3999
891
16
159
926
619
691
619
555
92
529
99969
952
61
7779
962
197
591
52
61
529
592
52
529

6966
619
929
929
952
489
592
789
692
62
51
259
961
829
952
397
981
539
9666
19
666
961
25
29
592
159
925
269
691
619
961
729
691
74
5559
989
916
99779
555
858
592
25
25
26
61
619
691
61
539
919
555
929
9859
954
54
54
62
52
619
952
52
529
592
739
983
719
666
9955
952
9776
952
789
691
61
52
529
592
52
529
666
55
961
819
5979
9299
5559
972
52
529
62
52
15
259
926
52
839
952
489
936
5789
666
962
52
889
692
62
52
51
259
926
52
589
692
52
529
972
6669
877
655
961
61
51
529
592
52
519
962
739
963
279
555
592
52
9777
962
389
692
15
61
26
61
61
61
74
5559
67
951
529
99959
954



25
26
195
961
61
61
479
961
6569
951
9919
951
8889
691
869
961
15
26
159
952
52
639
66
556
961
61
7779
656
952
18
159
952
15
52
529
952
16
62
639
963
1999
591
779
55
9879
555
952
61
26
15
25
26
16
195
766
915
3999
961
619
555
952
51
529
972
52
16
52
52
52
369
9689
952
589
9569
961
819
929
962
579
952
62
52
51
259
926
52
859
962
9989
656
961
52
819
5959
952
61
61
25
25
296
952
52
396
592
6589
961
8789
691
529
962
729
691
25
62
51
61
82
81
539
693
6669
591
297
56
677
656
919
961
61
529
952
619
961
619
577
961
397
945
9969
951
819
981
81
749
62
52
52
52
53
269
9999
952
859
983
61
629
962
619
578
952
25
269
952
52
52
53
839
926
859
656
691
819
767
962
99589
952
159
592
529
952
639
692
398
916
7589
592
52
295
962
529
9977
962
51
61
26
51
259
592
639
592
99569
961
8889
929
666
891
529
592
61
259
952
52
52
52
839
5966
5589
692
729
792
729
792
297
692
26
15
25
296
916
15
529
592
99669
691
529
952
889
952
639
952
15
296
952
52
53
62
396
592
9929
962
859
962
8779
961
6889
692
51
269
952
159
926
52
839
963
5789
5966
279
692
72
5569
961
61
269
915
259
592
72
51
529
981
379
6955
9989
691
6779
591
519
981
25
61
259
592
529
952
839
666
888
9666
8889
6969
961
819
9977
692
269
915
295
926
619
961
619
691
549
961
629
5959
591
62
529
592
159
926
51
259
925
269
9859
962
649
592
529
9569
952
729
792
729
159
962
159
925
26
52
839
891
5669
9559
952
52
52
52
52
52
16
25
26
61
61
619
888
915
9979
981
7569
655
9991
51
619
952
16
52
52
52
53
62
489
9666
8889
592
869
691
8789
916
7589
961
15
62
52
159
926
52
839
952
8679
566
919
699
961
529
952
529
51
62
169
961
619
961
849
555
777
555
919
952
819
691
8889
963
61
25
259
926
61
619
9994
61
589
5959
961
819
67
919
767
961
15
26
196
961
619
961
619
794
956
99959
961
61
61
61
64
61
61
52
619
691
61
61
849
974
5559
9955
961
819
9967
666
919
592
25
26
169
691
619
961
8559
952
859
962
7789
566
961
295
929

15
296
952
15
296
952
839
952
8679
566
919
691
619
929
858
961
16
15
529
592
519
926
398
952
99669
691
619
929
919
961
7779
794
52
51
62
52
52
369
666
55
961
61
8889
591
529
7969
691
629
16
52
15
52
52
63
839
952
8679
656
961
619
929
961
9919
961
16
51
61
82
52
529
939
952
519
692
9666
961
81
659
962
529
159
961
26
61
61
619
974
5559
677
916
679
925
819
5955
99889
954
16
51
25
61
61
61
479
691
379
945
519
691
819
592
5889
592
61
529
592
529
952
52
719
983
719
9666
8889
566
691
61
2999
952
61
25
52
729
981
53
639
961
9566
55
592
529
9879
9655
298
981
61
52
52
529
952
52
6569
6959
691
819
767
856
758
692
159
951
15
295
962
619
961
61
619
691
619
951
729
961
9959
555
929
919
159
592
529
952
169
952
739
693
779
792
966
9966
691
529
555

25
52
52
52
53
26
6559
66
961
72
7779
915
619
592
619
961
269
951
52
52
619
952
396
952
8569
691
7779
655
858
592
195
692
26
15
25
52
729
981
539
961
99589
692
9556
962
9919
666
952
52
269
951
269
951
82
81
539
6966
569
959
592
529
777
56
961
61
26
51
52
619
961
61
379
945
9666
591
819
981
539
9966
951
619
62
52
15
529
792
81
539
693
99589
962
5569
691
7679
915
8889
961
16
51
259
926
52
53
629
9555
9677
66
961
279
963
63
779
9991
62
52
51
61
82
81
539
963
9666
5955
7779
9992
519
692
8589
951
159
926
51
529
972
53
529
6966
289
9956
792
197
766
555
961
52
52
619
592
529
952
81
539
9666
7559
592
8779
952
519
691
99889
952
52
61
529
592
529
981
539
6669
956
961
7779
691
619
691
7889
951
16
52
15
25
296
952
839
592
729
666
919
755
961
62
8889
592
52
52
52
52
539
926
6789
666
888
9566
7889
56
961
619
929
691
269
915
25
52
729
981
53
666
529
591
9677
9559
961
8789
918
529
269
915
295
925
269
952
819
952
489
936
9989
6966
9929
952
189
952
26
195
925
295
926
52
819
592
489
936
6889
6966
289
962
8889
915
25
25
26
51
269
952
839
592
498
936
99569
592
729
666
961
61
52
61
52
61
619
691
6589
952
279
92
519
961
8789
591
99789
954
52
619
592
529
952
529

666
888
666
961
52
879
656
961
81
16
52
15
259
926
52
839
926
9989
693
6679
919
6
591
289
981
25
61
529
592
52
52
839
9666
8889
666
952
52
529
962
8889
981
62
52
169
691
61
459
9999
961
8789
954
5569
995
961
26
8789
591
159
961
259
952
52
396
7989
693
639
952
52
619
692
52
52
52
159
925
296
952
52
529
565
9966
961
819

962
7789
951
7889
691
61
25
529
952
52
81
539
591
679
656
592
52
1999
592
819
692
61
25
295
961
61
61
479
961
6669
591
99779
925
967
591
819
891
52
52
52
52
539
962
7579
666
888
6569
99789
995
961
297
99989
591
15
62
52
15
269
952
839
952
5679
5969
961
529
6989
99995
592
51
26
195
592
52
52
52
197
983
159
666
919
699
961
52
49
952
15
52
619
952
529
939
666
555
961
296
961
52
3999
979
929

62
159
952
729
981
539
555
6955
519
592
619
592
52
52
529
952
25
26
52
52
52
52
839
963
859
656
691
819
929
962
559
792
16
25
52
52
53
269
9669
691
519
929
77
691
279
691
879
591
15
52
529
592
639
952
639
952
6579
952
9777
962
398
935
6779
792
62
51
259
926
619
691
489
891
5669
592
6779
952
519
691
2999
592
159
961
269
691
61
61
397
946
298
555
777
555
677
951
8679
961
26
195
592
529
592
52
8669
961
5589
929
961
6889
777
591
9677
962
159
962
159
592
529
963
839
592
9677
5669
8889
656
919
961
9929
691
269
952
52
52
52
53
9929
983
169
666
961
819
677
952
39
691
16
51
52
52
529
693
839
592
9677
693
8579
5669
9919
961
61
61
52
619
961
61
619
961
619
794
259
555
9977
691
6779
951
769
981
61
25
61
829
952
52
197
981
6569
592
8569
962
7559
92
955
962
26
52
159
952
529
592
839
6966
8889
666
919
969
961
529
939
592
269
952
52
52
52
539
5979
9992
498
936
529
952
629
555
962
72
25
269
915
25
295
926
579
952
529
692
789
962
889
983
71
619
269
952
16
619
691
54
6789
945
6789
691
51
519
939
961
8889
946
159
961
529
592
52
36
398
692
5789
66
939
961
819
963
5779
692
26
52
16
61
619
961
849
5559
9777
555
858
962
8789
9669
691
529
269
952
159
926
16
15
529
952
955
691
8789
592
619
692
977
961
51
269
916
51
82
729
972
54
395
5559
9667
9669
9789
592
9989
961
25
61
529
592
52
52
397
983
71
5669
766
9559
961
61
7779
691
15
62
16
61
619
691
379
945
679
555
919
951
8579
591
7589
692
159
592
529
592
52
63
739
693
297
9656
519
961
1
61
5889
591
25
61
52
529
952
529
9689
666
888
666
952
529
952
529
952
479
52
619
592
529
952
529
9999
983
719
566
99969
961
819
952
977
951
159
926
195
952
72
72
72
539
555
566
961
29
767
952
5889
594
25
16
26
619
691
619
888
915
6789
981
649
555
919
691
7679
951
52
16
52
52
52
369
9689
952
819
926
859
962
529
929
952
619
62
52
52
619
961
619
6989
961
5679
591
619
691
9555



51
259
926
52
16
52
6669
9559
9779
961
839
962
497
951
519
961
26
52
159
961
61
61
479
961
669
591
619
952
819
952
52
819
51
25
269
951
269
952
649
962
198
591
6889
6969
878
951
819
981
52
61
529
952
529
981
369
916
559
692
729
66
952
62
8889
952
16
51
529
691
619
691
61
74
74
629
558
691
619
666
691
61
269
952
15
269
916
159
929
592
6579
995
691
62
8889
952
529
952
16
52
15
61
61
61
479
691
619
974
9959
9966
588
691
619
691
26
159
952
52
529
952
839
9666
8889
566
961
279
667
952
17
61
62
159
926
619
691
619
8989
594
9979
5559
7779
555
691
9555
962
52
52
61
529
952
52
52
839
666
92
529
792
62
5779
9992
5889
691
16
51
269
961
619
961
74
555
7569
919
555
792
19
592
8779
951
52
51
62
15
296
952
839
592
839
666
919
6
961
259
952
52
52
159
926
52
52
529
666
9659
961
61
619
981
61
61
61
63
26
15
259
952
729
981
539
691
529
666
919
691
379
665
951
81
52
61
52
529
952
83
6669
592
5679
961
8789
961
8679
952
777
74
62
52
15
269
691
61
749
961
5889
954
297
9669
952
159
929
952
61
52
52
619
691
619
599
592
5589
929
792
52
7789
666
9779
952
25
51
269
952
52
539
766
962
6579
691
279
592
9777
962
8889
592
16
15
52
529
592
529
777
792
819
963
72
655
529
952
19
952
16
52
15
26
196
915
279
961
619
9955
997
952
8779
9555
19
692
62
52
52
52
53
26
498
952
197
6966
8889
666
961
61
779
961
61
529
592
529
592
52
839
5966
779
9966
951
81
6679
951
9777
961
16
15
295
592
529
963
639
692
6579
691
99889
961
99889
961
298
592
61
25
295
592
52
52
839
566
9889
666
592
977
92
529
88
891
52
16
16
61
619
961
379
946
5589
951
889
951
619
9559
692
52
62
159
925
52
729
981
539
963
529
556
667
5559
7779
952
729
962
25
62
159
961
61
61
5779
954
7579
691
6579
5958
619
891
9556
984
62
52
15
26
169
915
297
961
749
5559
9777
655
919
691
6679
591
25
269
952
51
26
52
839
592
498
935
6779
566
887
952
7789
591
269
952
159
925
295
962
839
952
839
6669
8889
66
691
819
666
92
25
26
52
52
71
81
53
639
665
9559
691
629
888
592
529
692
16
52
16
61
61
619
9579
974
629
555
961
61
48
819
891
62
62
52
159
952
729
981
539
693
9666
555
981
966
919



159
592
52
52
639
693
529
952
9677
9569
691
61
29
952
39
963
25
61
259
961
61
61
7559
961
379
964
5679
951
529
919
952
619
51
61
25
61
82
379
972
54
5559
6669
297
9669
961
61
7779
9991
51
259
926
52
52
36
966
962
52
9919
88
962
8889
891
395
962
52
619
691
61
61
61
849
974
5559
591
279
691
7569
951
7779
962
26
15
25
259
926
52
819
952
489
936
666
19
9769
858
929
917
159
592
52
529
693
52
639
592
9667
691
7889
691
99789
962
769
691
62
15
529
952
52
52
839
9666
8889
9666
8889
9669
9499
52
966
981
62
52
52
52
53
81
539
591
769
566
961
619
877
925
198
9299
159
925
62
52
53
2
719
9566
6579
591
529
9569
918
819
925
819
52
619
592
52
529
952
739
983
71
666
51
559
952
529
592
52
61
529
592
52
529
592
739
983
719
9655
99559
952
197
692
99559
692
15
259
926
52
52
36
759
592
649
99959
961
61
8779
962
889
591
51
62
51
529
936
52
739
915
589
655
691
9797
62
61
789
951
16
52
15
529
792
397
792
9559
6569
555
592
61
629
962
52
51
26
15
25
296
916
195
929
592
5559
961
7779
952
8779
5559
7779
691
16
51
25
25
26
52
6669
9559
961
61
269
952
189
926
529
927
159
961
52
52
52
369
9579
952
819
666
952
72
179
92
5889
692
61
25
25
269
952
529
666
9199
519
961
879
9559
919
891
8789
929
159
926
159
925
296
952
529
594
6679
961
8889
916
8789
9555
958
952
26
159
925
529
972
81
539
691
529
666
919
996
961
52
489
792
61
529
952
52
52
169
9999
952
498
556
691
289
919
592
52
52
16
159
926
619
961
61
74
5559
919
961
6789
566
766
981
5679
981
15
296
916
51
829
972
72
539
555
666
961
819
899
692
589
592
61
52
52
52
529
981
539
9666
297
9956
961
529
555
985
769
951
16
15
295
952
169
952
739
915
8679
693
8589
951
5779
692
5889
692
25
26
52
159
926
52
6579
952
859
959
691
28
196
952
7789
792
52
169
691
819
952
397
972
549
928
9666
555
925
9555
961
889
592
52
16
52
52
52
36
498
952
819
666
919
995
961
2
819
592
61
259
592
529
592
52
719
983
719
9666
8889
656
691
8669
8969
951
52
169
961
819
952
529
9669
952
639
961
819
692
529
592
849
952
61
52
529
952
52
52
839
566
9299
529
66
691
298
952
52
64
15
61
25
529
592
397
891
729
9679
972
5669
592
519
691
5889
591
61
25
295
926
52
529
9399
52
819
556
961
819
877
656
788
591
16
51
269
951
829
937
72
55
529
566
8969
691
26
9666
961
81
26
15
529
592
529
981
539
6669
279
66
939
929
766
961
619
961
25
269
952
61
619
961
619
961
619
591
99589
558
954
72
649
952
16
51
25
61
829
937
72
9555
566
9956
929




519
269
915
26
619
691
61
889
954
879
591
99789
951
5569
961
679
962
269
915
25
52
529
952
839
566
88
666
929
952
52
52
52
52
52
52
52
52
53
26
99679
692
99589
6966
179
961
5779
666
951
61
25
51
26
52
52
53
839
591
9666
952
779
962
8579
952
8779
962
269
951
259
592
72
81
539
5559
9979
565
592
529
919
952
529
962
61
52
52
52
529
952
9566
55
592
52
52
52
52
72
649
794
15
26
16
619
961
61
829
555
9299
619
981
529
7959
591
8779
591
159
962
619
981
52
529
939
592
956
9559
961
819
995
962
99559
962
269
952
52
619
961
61
495
592
479
9955
961
739
665
951
61
62
269
952
52
52
52
53
498
935
179
656
952
529
777
952
519
981
26
51
529
952
52
529

893
529
9966
929
592
529
952
859
692
26
195
925
269
691
619
888
981
539
692
6669
592
179
928
1999
592
62
52
16
619
691
61
99889
891
479
555
777
555
777
5955
7779
961
25
26
195
926
196
915
529
952
99579
856
961
269
919
555
952
16
159
962
52
52
53
26
498
952
197
666
888
9666
1999
961
81
298
51
62
619
981
529
952
9939
952
9666
961
5889
691
8889
594
197
893
25
16
52
52
52
53
279
666
858
66
929
952
729
962
955
692
15
259
962
52
52
3
819
9666
629
961
5889
961
297
963
297
692
62
15
295
926
52
52
396
952
659
952
779
952
7789
556
929
972
62
52
61
81
52
529
939
592
9666
951
977
55
929
952
8789
961
62
52
159
926
52
52
649
952
955
952
99589
962
159
925
9959
792
25
61
26
51
829
952
197
981
6569
592
7569
951
279
891
99569
952
16
25
52
52
53
2
719
927
729
9555
6679
691
99889
961
9555
692
26
195
592
529
592
81
539
9666
956
952
779
691
739
555
692
529
15
62
52
52
53
269
997
891
99559
962
789
9955
691
297
58
952
26
159
592
52
52
52
839
9666
8889
566
691
61
279
962
529
91
16
15
295
926
196
915
279
691
379
555
777
556
919
691
7889
591
159
961
529
592
37
729
792
555
529
555
919
959
961
529
952
529
26
195
952
52
52
81
539
9666
2999
691
9677
961
9777
594
5569
951
61
25
259
926
52
529
666
951
7679
691
977
591
519
961
289
951
16
25
15
25
297
972
539
981
9556
925
7669
961
99889
691
289
961
269
951
529
952
52
52
839
6669
8889
566
92
52
7679
692
529
692
25
62
15
295
926
52
7789
981
5579
936
589
696
529
952
8569
692
25
26
15
26
16
159
799
691
9666
951
819
981
53
819
948
51
15
269
915
25
296
952
859
692
9666
952
729
666
591
52
529
981
25
269
916
51
829
981
539
556
766
5969
952
52
9919
692
9919
692
51
269
916
619
691
61
619
794
99569
691
99559
952
9919
919
594
549
25
15
26
52
719
972
649
5569
529
591
9979
9966
919



15
62
169
691
61
619
974
5559
6979
961
9555
7989
919
927
289
951
269
915
296
916
61
619
954
61
5679
591
9979
6969
961
519
961
61
52
169
915
529
693
639
9669
666
952
159
981
619
929
592
9555
926
25
25
26
52
52
52
839
963
669
961
629
919
9779
961
9979
961
61
52
52
529
952
52
719
983
719
666
877
972
559
5559
99559
792
52
61
529
961
61
61
49
691
769
591
7579
951
819
951
9989
591
62
15
295
592
729
951
739
981
539
952
5669
961
879
591
8679
592
51
269
916
61
619
961
379
945
8669
591
619
591
619
917
269
951
26
52
159
926
195
952
729
945
6559
66
952
52
189
952
889
981
51
26
16
619
691
61
619
794
569
951
519
855
954
51
7889
915
62
51
61
82
52
81
539
963
6569
5959
961
819
767
691
529
972
16
15
259
961
61
61
7579
691
549
961
62
519
566
591
9677
592
16
25
15
52
72
72
539
891
6569
666
919
952
99779
961
5589
951
51
259
926
52
52
52
9666
56
961
61
7779
952
8589
692
619
961
51
26
15
529
592
196
5
926
839
6969
919
952
819
952
52
819
26
159
592
52
52
52
839
566
8989
9666
529
592
9777
692
498
591
52
15
26
159
926
52
6669
9559
9779
961
5589
591
7977
656
961
52
51
52
529
592
639
592
519
692
7559
929
777
692
529
592
6669
592
25
269
952
619
961
619
9579
961
395
691
619
961
8889
961
8679
951
51
25
296
951
269
952
529
952
7669
929
691
819
777
656
919
891
61
25
529
592
529
981
539
591
679
566
9779
692
529
951
9929
592
15
295
962
61
619
961
619
691
619
591
729
691
8569
961
8889
962
51
61
52
529
963
63
99669
691
619
969
961
529
939
592
7889
961
61
529
592
619
961
619
558
692
179
929
952
61
9777
952
619
952
26
195
952
529
916
52
669
952
619
981
629
952
729
691
7889
691
16
25
25
269
691
61
579
961
966
591
7889
591
8889
691
8889
963
62
51
52
52
52
529
9869
983
719
691
6889
655
592
529
55
972
16
25
52
52
53
269
778
972
8569
916
9566
591
619
928
9989
9199
26
52
52
52
52
53
839
926
99589
692
629
952
729
691
99779
692
16
15
295
926
169
915
52
529
58
699
961
269
961
629
919
9992
26
159
925
25
295
962
819
952
489
936
99559
962
6669
691
29
952
15
269
951
52
52
369
699
952
5579
961
289
9669
952
159
592
529
16
52
16
61
619
691
74
5559
949
961
619
961
5889
916
889
951
51
269
916
619
691
61
619
974
955
969
961
529
9779
952
7889
592
269
951
25
25
26
52
649
962
9929
692
5889
929
9967
592
9977
629
61
52
529
592
52
52
719
983
719
7979
972
555
777
556
619
891
52
619
952
52
529
952
739
983
719
656
777
928
729
656
878
692
51
529
952
529
693
529
693
52
6679
929
961
819
77
592
8589
592
62
159
925
26
61
61
849
954
52
469
961
61
5889
918
889
952
15
61
52
72
72
61
619
9555
9777
5569
8789
951
52
52
839
592
26
51
259
925
26
52
5679
952
589
599
691
28
749
928
749
962
26
51
52
529
592
529
777
972
7579
981
5679
656
788
6955
889
692
62
15
25
26
52
529
666
951
789
962
6779
961
6779
925
5696
951
62
52
15
52
529
952
739
794
839
916
879
692
5669
691
529
952
51
26
52
52
52
369
66
692
52
819
588
961
7679
9966
591
619
269
952
16
51
82
81
539
9556
9667
9955
58
692
99889
666
929
952
25
61
26
619
961
495
9769
951
8679
655
778
951
619
691
8889
952
269
952
52
52
53
629
566
9659
952
619
9789
855
952
529
691
81
159
925
269
952
52
36
489
952
6789
666
592
529
919
952
9949
691
269
952
15
25
259
926
689
592
839
962
529
592
619
592
52
52
51
62
52
159
926
52
839
963
8589
692
9966
529
952
629
5959
692
51
62
16
51
82
37
729
594
6559
656
8
929
9579
951
7679
952
269
951
259
926
15
52
639
592
6579
961
8789
691
295
99969
788
972
62
15
25
259
926
52
549
928
6569
952
8779
952
789
893
169
951
61
529
952
619
691
61
5579
592
9979
555
981
629
919
929
917
62
269
951
25
269
961
61
619
961
8559
961
8779
951
62
619
9977
692
25
269
915
529
952
529
7979
792
749
981
629
6955
619
962
7889
591
51
25
26
52
52
369
655
972
6579
949
9679
925
9555
692
519
952
51
26
16
619
961
61
619
794
5559
55
961
289
9669
9858
81
52
15
61
52
61
61
619
888
972
829
972
6589
566
878
5569
7789
951
62
52
52
619
961
619
588
594
839
666
952
729
777
961
99789
951
51
259
962
52
52
369
9859
926
6889
669
8889
9669
691
819
778
916
269
952
52
52
52
539
9769
952
819
952
629
961
28
629
952
529
51
52
619
952
52
639
6969
961
519
929
919
961
729
893
81
35
159
925
26
619
961
619
961
539
919
961
619
691
5889
591
99889
9991
51
62
16
61
619
691
61
74
5569
591
619
591
819
916
99679
591
62
52
52
52
53
269
7959
592
498
666
952
529
858
962
62
529
159
962
52
52
53
2
819
926
7779
972
5569
566
9955
927
6789
952
61
52
529
952
52
52
839
9666
619
592
279
692
99589
952
52
52
25
51
62
52
52
539
929
951
6889
666
961
619
9779
766
961
619
25
52
52
52
53
269
66
692
99789
6959
691
819
777
961
619
961
159
952
619
592
739
792
72
9559
9566
591
6779
555
592
619
929
972
15
26
15
296
916
15
279
691
8569
55
961
61
7889
9955
952
719
16
15
25
529
972
17
72
539
555
655
952
52
19
692
8559
962
16
25
25
52
53
26
498
916
789
792
566
619
691
619
588
891
16
25
15
296
916
15
529
693
9959
929
666



529
962
51
61
25
25
296
952
529
954
279
9669
961
889
799
919
9689
691
52
159
962
52
52
36
9939
962
389
655
691
61
8889
691
779
961
62
15
61
82
52
81
539
962
6569
9956
961
819
9977
952
679
962
61
25
259
952
729
981
53
666
529
945
298
6959
952
529
9879
972
269
951
25
295
926
52
839
592
489
936
659
962
489
969

952
62
15
296
961
619
954
689
961
8559
951
6779
961
99889
691
8589
591
51
25
296
952
52
369
666
961
7579
961
8779
794
19
555
887
891
52
619
592
529
952
52
839
666
929
962
298
952
6779
692
99889
952
15
296
915
52
529
963
579
592
8779
972
819
6966
619
691
956
951
62
15
25
296
916
15
269
952
189
6966
1999
755
961
529
954
52
16
25
25
26
52
529
939
952
9566
592
1999
592
8889
915
7589
916
52
51
26
52
52
529
6989
936
819
952
9677
691
889
692
889
592
26
195
592
619
691
619
558
962
8559
961
9929
6
952
52
189
981
26
15
295
926
16
195
9579
592
9555
961
298
916
789
962
37
72
26
51
259
952
52
529
7979
792
778
169
6955
559
592
6559
952
52
62
51
25
259
926
52
839
592
839
666
888
9669
952
72
6569
952
269
951
25
25
269
952
7789
981
5579
935
99579
566
878
566
88
962
62
15
296
961
61
61
5559
9299
197
691
6779
591
8889
594
619
962
15
62
15
296
952
53
639
692
3999
961
99889
9669
961
529
885
9991
16
52
52
15
26
52
859
692
99779
656
919
691
619
9559
952
52
26
159
592
619
691
619
961
619
929
555
961
269
961
619
592
619
61
52
52
619
691
619
9679
591
8679
9955
77
691
519
691
5589
981
159
952
529
952
63
63
289
952
829
666
961
61
889
951
62
529
62
51
269
951
829
981
539
963
5669
5959
961
819
677
961
289
9199
269
952
169
951
82
81
539
655
766
55
961
61
789
925
8889
692
26
51
26
51
829
981
539
6955
9667
951
619
9299
819
9966
952
51
159
961
25
295
926
52
839
963
6889
592
869
959
578
962
529
952
51
25
62
51
269
952
839
952
6789
566
77
961
889
691
955
927
269
915
61
82
529
592
197
981
53
666
19
951
9979
691
869
952
15
296
952
52
52
36
498
952
6789
6966
8889
566
929
961
869
691
16
159
925
61
61
61
479
691
39
556
961
269
9889
655
592
17
62
15
295
952
729
981
539
666
666
919
6979
951
8559
917
498
592
16
51
25
296
691
619
9869
691
7579
951
519
691
619
961
1999
981
25
26
16
619
961
61
849
555
777
555
919
692
529
916
9919
972
52
16
16
16
619
961
74
555
99579
961
5889
691
99789
592
579
951
62
52
52
61
619
961
749
954
5579
555
981
629
888
961
967
692
61
259
925
61
61
61
479
691
6569
951
81
519
891
51
99779
927
61
259
952
619
961
61
7559
952
5589
929
577
692
889
666
8989
792
25
62
159
925
25
26
6579
952
289
925
99789
962
8779
6669
8889
952
51
26
52
159
926
52
839
952
5669
961
779
962
179
593
679
961
269
915
25
25
26
52
819
592
489
936
956
692
529
9955
952
52
62
159
952
529
952
81
539
9666
9929
961
7679
691
99579
691
297
9199
26
15
25
269
691
61
759
691
889
954
619
961
889
691
9667
591
15
61
52
72
72
619
945
45
9566
951
7589
691
6789
961
7779
692
15
259
926
52
52
3
819
925
6679
961
519
969
961
259
777
891
52
159
962
52
52
369
9589
926
5789
916
529
592
629
919
9559
972
62
52
159
961
61
61
479
961
6559
9199
819
692
7669
9679
989
691
269
915
295
926
619
961
619
961
629
951
7679
951
99779
925
519
951
25
62
52
15
296
952
839
592
99579
556
961
819
878
6669
8889
692
16
25
159
961
61
61
6589
952
198
951
519
6956
62
18
379
951
25
16
52
51
26
52
839
926
5789
693
52
9919
667
891
298
591
15
295
926
52
52
529
655
692
7889
962
629
592
529
792
9677
952
15
26
15
529
952
639
9579
592
7789
9566
8889
666
691
559
952
729
26
15
61
82
529
981
539
962
5669
9659
952
52
19
655
952
52
159
925
269
952
52
3
719
7977
25
259
981
5559
666
592
5589
962
15
26
16
61
619
961
619
974
9556
591
29
919
961
52
8779
951
51
269
915
52
529
963
6569
5959
592
52
619




62
62
159
961
829
592
529
919
952
659
9659
691
529
777
592
8889
983
62
51
25
259
925
296
9859
692
9989
983
719
693
859
952
729
691
159
961
25
61
829
952
39
592
9666
952
629
919
7989
951
789
952
62
51
269
691
619
594
976
915
789
945
8779
945
5569
929
99979
692
61
529
952
61
61
619
6979
591
7579
555
919
891
29
591
789
951
15
26
52
52
53
269
799
593
5889
926
967
691
729
961
8789
692
61
25
259
592
52
52
839
566
9889
692
7779
655
961
296
919
693
15
296
951
61
82
719
972
539
928
555
6669
951
8779
591
6559
691
51
269
915
296
952
52
36
52
6589
691
589
952
159
692
589
692
159
961
529
952
529
963
839
592
99559
952
977
592
99779
6966
8889
981
52
169
915
529
952
639
693
529
959
961
7797
5955
9777
951
62
529
159
952
619
592
52
396
959
926
289
56
792
17
279
962
8589
952
269
952
52
52
52
529
9759
936
6889
655
691
819
929
952
6669
952
16
52
169
961
619
691
5589
961
9979
951
19
856
961
52
8789
691
269
951
529
961
619
961
619
935
197
555
919
966
51
259
928
71
52
16
159
961
829
974
72
529
555
9666
8889
556
877
6966
629
592
52
169
916
619
691
61
74
5559
799
951
6779
566
888
591
789
591
62
15
52
529
952
81
539
6669
297
9669
929
6969
6979
952
8889
692
62
52
52
61
619
691
619
961
99559
951
819
969
777
961
519
962
16
159
592
729
972
559
939
961
9666
951
8669
961
9677
692
5559
692
52
619
961
61
619
961
849
974
5559
691
179
656
961
61
789
91
16
15
52
52
52
639
9689
592
6669
919
981
29
767
691
889
951
15
296
916
51
259
592
729
935
639
592
5789
961
99889
691
529
691
52
15
62
52
52
36
629
946
19
591
819
962
519
925
819
981
52
16
169
951
82
729
972
54
395
555
667
592
7679
691
99579
591
26
15
52
61
619
691
8889
792
179
981
669
655
556
962
52
52
16
159
592
61
61
619
9559
926
859
6998
691
976
777
951
769
981
51
62
52
52
53
259
666
9659
961
5559
8958
28
52
52
52
629
26
195
592
619
691
61
8889
792
179
981
6569
555
961



15
52
529
592
169
592
739
963
6569
592
1999
592
8889
951
8679
691
61
25
296
691
619
691
5559
9992
619
592
8889
666
952
629
919

16
15
295
925
26
52
639
952
967
961
9677
667
5979
9199
6669
591
159
926
195
926
195
592
729
9656
198
951
99679
961
6789
5969
961
61
16
15
296
691
619
961
619
974
569
591
7679
591
819
961
9667
961
52
619
592
529
952
529
766
692
769
951
529
952
18
669
691
619
61
529
952
52
52
83
7779
972
62
81
5669
566
591
619
88
692
51
61
529
952
739
972
72
54
9556
952
6679
592
819
918
519
891
16
15
25
52
529
693
839
916
6889
666
919
691
269
951
779
951
61
52
529
952
52
529

951
749
656
961
819
788
655
929
792
25
52
52
52
53
62
7779
972
6669
691
559
891
529
952
819
952
51
269
952
159
926
52
839
926
9989
666
888
666
691
61
6789
961
52
169
952
52
52
36
498
592
6669
692
6889
929
691
52
8889
962
15
25
62
52
53
2
819
926
7779
972
529
5956
5669
591
529
792
269
951
269
951
829
952
179
981
53
6669
919
592
529
691
9666

15
61
52
529
937
72
72
9555
666
5959
979
962
729
9666
99779
952
15
259
926
52
169
952
839
952
729
666
591
81
679
9299
8579
592
61
259
926
61
619
691
99889
594
789
591
789
591
869
655
919
691
15
296
952
52
52
36
629
954
579
961
99889
692
99889
692
529
692
62
159
925
259
926
52
819
952
83
6669
961
619
99979
962
8889
591
62
159
952
52
169
952
529
936
3999
866
952
529
919
592
529
591
15
26
169
691
61
61
829
555
9299
619
969
961
8889
591
289
592
26
159
926
619
691
549
558
692
955
952
779
591
529
952
52
519
159
926
159
592
529
963
839
962
5779
963
179
555
929
691
729
961
269
915
295
592
529
952
839
5966
8559
962
729
961
729
692
99779
691
159
961
529
972
72
619
945
5559
66
691
889
962
7679
952
679
961
25
159
926
159
926
52
529
936
9939
6
952
529
877
962
9677
951
51
25
62
52
52
36
498
592
189
666
888
962
259
92
529
962
52
619
952
529
952
529

6966
629
919
666
951
269
9991
297
928
269
952
159
592
729
981
539
691
6589
962
8559
961
819
692
679
962
52
52
16
52
52
52
397
666
888
666
919
599
961
2
819
592
62
159
925
296
952
52
369
952
966
952
729
9965
952
729
972
72
269
951
25
61
82
81
539
9556
9667
9569
961
619
777
591
9969
981
15
529
952
52
169
692
369
693
6579
961
7889
9669
788
592
7789
694
16
159
952
529
917
729
972
53
9555
555
952
52
195
962
159
962
52
16
159
592
529
963
639
592
7569
961
889
961
789
692
7779
952
52
61
529
952
529
592
839
9666
8889
666
919
576
961
52
579
981
51
259
962
15
269
952
839
592
7579
9666
51
619
99979
691
8679
961
51
62
169
691
61
61
849
974
829
891
9555
951
189
556
981
81
25
269
915
26
619
961
619
953
955
951
529
592
819
592
99889
9299
61
529
952
52
529
592
529
983
6669
691
8789
691
8889
656
972
52
15
61
259
925
296
952
529
954
6579
691
8789
691
529
952
298
962
25
26
15
61
82
52
197
981
53
6669
666
952
649
691
519
952
51
529
592
529
963
529
777
972
489
972
5559
556
961
619
929
691
269
915
259
926
52
529
666
5959
952
61
7779
9669
951
82
5559
591
61
529
952
529
952
529
919
592
179
566
592
189
9589
55
778
9992
269
915
295
926
52
529
666
692
179
591
977
951
619
961
8589
591
16
15
529
952
197
792
72
539
555
555
777
9992
619
961
629
961
16
159
952
529
952
16
389
952
629
9956
961
729
799
656
961
529
15
296
952
61
619
961
619
935
869
961
619
929
8958
16
99889
952
62
159
925
52
52
52
839
566
855
962
859
962
729
972
729
692
26
159
926
61
619
954
2999
961
629
951
99889
961
849
592
49
951
26
195
592
52
52
52
839
566
8989
666
952
529
666
963
269

25
25
62
52
52
529
99959
93
9929
952
779
983
719
656
929
972
62
159
592
729
981
539
556
9666
297
9559
961
52
7889
691
977
929
52
169
952
52
53
62
639
962
298
6959
929
919
9559
952
19
926
25
26
159
961
61
61
61
649
919
555
777
961
6669
891
81
62
62
15
295
926
52
529
666
692
197
591
789
951
819
891
6669
691
51
26
52
52
53
259
666
55
691
819
929
591
629



16
159
592
619
691
61
397
945
9979
961
379
945
179
9559
951
61
269
952
169
691
619
594
976
915
6789
5955
7779
555
952
52
779
927
62
159
952
619
691
61
869
961
849
974
6559
917
619
961
879
964
51
26
159
952
529
963
579
952
977
566
788
656
691
52
889
691
52
16
52
52
52
369
9579
952
7559
962
629
962
977
962
189
952
61
52
52
529
592
52
719
983
71
9566
666
919
5979
961
8889
961
159
952
52
52
639
693
289
916
8579
666
691
397
929
961
889
9399
25
159
926
52
52
539
9679
952
389
565
691
819
929
972
6569
927
52
52
52
52
539
962
829
666
92
159
961
729
687
962
889
591
26
15
52
72
81
539
655
6966
29
591
819
699
855
592
889
692
269
952
52
52
52
53
297
983
719
9666
7889
555
919
592
529
592
16
52
52
159
926
52
529
952
6679
929
691
819
767
566
691
529
51
269
951
259
926
52
6669
9559
961
529
949
961
8789
961
7679
962
269
915
52
619
691
61
5579
592
8559
929
666
952
19
952
8889
691
16
159
952
52
529
592
9666
56
592
619
66
915
29
919
555
954
16
159
925
25
26
52
369
952
956
592
729
692
5559
9992
519
981
26
15
25
295
926
52
819
952
839
656
8969
592
5589
692
7789
962
159
961
25
296
961
61
9939
961
529
592
7789
555
891
529
577
962
61
529
952
52
52
169
9759
952
489
655
961
9977
629
9655
51
269
16
25
15
295
927
72
539
951
6569
556
929
972
17
549
777
692
61
259
952
529
592
52
839
9666
8889
9666
8889
5969
592
955
989
792
61
529
952
529
592
52
839
9666
8889
566
952
7679
9999
929
899
952
62
51
25
295
926
52
839
592
83
666
27
9949
691
529
7989
916
16
15
52
61
61
619
99959
952
8559
929
678
792
7889
962
99679
962

2615
195
926
61
619
691
619
962
52
529
952
529



