52
52
52
52
53
159
9656
519
981
396
666
962
529
951
988
916
51
61
259
952
529
9556
519
9666
529
961
298
952
196
961
819
961
51
62
52
52
52
359
566
9666
729
9556
9777
5595
9788
9566
629
952
52
51
61
259
926
52
6966
972
9666
929
972
519
666
951
697
961
61
61
61
61
61
469
952
556
279
9555
9788
962
9877
952
729
962
51
61
259
952
529
9555
619
9666
529
916
619
961
529



51
62
52
52
53
269
9555
519
961
619
667
951
9778
9566
9558
691
25
25
25
52
53
51
619
9666
639
962
9558
916
295
962
619
951
52
51
61
259
962
52
5955
951
619
9566
619
961
29
961
619
929
51
61
259
925
62
52
6966
962
529
66
78
925
529
952
529

61
61
61
61
64
51
556
62
5955
951
988
916
297
9666


16
16
61
61
61
649
952
9555
929
954
549
952
529
961
9888
916
51
61
529
952
529
9555
619
961
619
952
519
952
497
961
729
962
52
52
52
52
53
51
6569
951
619
9666
9777
962
9877
928
53
629
51
62
52
52
52
539
926
9665
9566
629
961




269
25
62
51
259
925
296
9666
629
952
495
951
629
961



16
25
25
52
53
269
9666
9555
962
9666
981
19
677
972
729
972
51
62
52
52
53
529
9666
9666
962
529
952




629
62
52
52
52
52
539
951
9566
951
629
919
961
297
962
729
972
51
62
52
52
52
359
951
9566
919
961
398
9666
629
915


16
25
51
529
952
396
9555
519
961
9566
972
62
519
929
55
962
16
52
52
52
53
269
9666
9666
929
961
398
952
197
9556
629
951
61
61
61
61
64
51
629
952
5595
962
529
952
9588
961
9777
972
16
52
52
52
53
269
9666
629
972
629
972
9555
962
529
952
619
61
61
61
61
64
51
556
62
539
9556
619
952
619



16
16
61
61
61
649
952
556
259
962
977
929
972
9555
77
962
51
62
52
52
53
269
9666
729
9556
9566
962



629
951
51
61
259
952
529
9555
619
9666
196
961
619
961
9877
952
729
951
52
51
62
52
52
53
5956
951
619
665
77
962
629
55
929
972
61
61
61
61
61
469
952
529
952
529
952
9566
777
962
9778
962
25
25
16
52
52
53
5956
951
6696
916
189
9666
629
961
639

16
51
269
961
619
961
556
62
596
925
519
981
988
951
9888
951
61
61
61
61
64
51
556
62
5956
928
395
951
62



51
62
52
52
53
529
972
6966
9666
72
539
962
197
972
729
974
25
51
61
259
925
296
9666
629
555
961
977
962
967
56
915
195
25
51
62
52
52
529
935
629
666
9566
629
961
519
87
919
952
61
61
61
61
61
649
952
556
62
529
951
9556
929
951
529

51
62
52
52
53
529
666
9566
297
962
956



629
951
52
51
62
52
52
539
9566
519
66
962
519
962
9588
952
195
962
61
61
61
61
61
469
952
556
62
529
888
9555
519
952
9778
951
51
62
52
52
52
539
925
519
9666
519
949
962
719
962
529
952
51
62
52
52
53
666
649
9556
529
9666
52
619
55
929
919
972
51
62
52
52
53
529
972
555
6966
9566
629
951
529
961
72
729
51
62
52
52
52
539
9556
9666
677
9556
9777
9555
988
962
9558
962
61
61
61
61
64
159
962
529
555
9556
9888
961
9588
9666
529

16
51
529
952
529
9555
619
9666
519
962
51
619
961
619
788
981
52
51
62
52
52
529
953
629
9666
629
558
962
619
972
9677
963
52
52
52
52
53
619
9556
619
55
961
629




259
62
51
259
925
62
52
6966
962
529
964
529
566
929
919
558
929
61
61
61
61
64
51
556
62
729
9555
519
952
9
929
588
951
51
62
52
52
53
259
9556
519
9666
629
888
952
977
6966
629
981
52
52
52
52
53
159
9656
519
666
962
9788
952
197
9666
9777
962
51
62
52
52
52
53
5956
951
619
666
777
964
629
972
72
729
16
52
52
52
53
666
649
556
952
5958
7
667
558
919
929
961
52
51
62
52
52
53
5956
951
619
9666
529
926
729
972
9888
951
51
62
52
52
53
269
9666
5595
7
951
988
9666
9777
9556
9777
952
51
62
52
52
52
53
5956
951
619
961
619
962
9566
962
719
952
16
16
51
61
61
64
556
62
539
952
519
961
519
962
639

62
52
52
52
52
359
926
9665
961
696
919
928
966
952
519
952
52
51
62
52
52
529
951
396
566
9566
7977
962
729
961
729
972
52
51
62
52
52
519
953
9566
919
9566
978
952
197
961
619
951
25
16
61
62
649
915
529
9666
629
58
55
952
519
954
29
929
51
62
52
52
53
269
9555
619
9666
519
77
961
619
962
519
919
16
52
51
259
952
729
9666
629
9555
9566
952
529
961



51
62
52
52
52
359
926
9666
65
9556
529
952
19
961
9888
962
25
25
62
52
52
529
953
6669
952
729
556
962
9588
962
988
961
16
16
61
61
64
169
952
529
9555
9556
8
951
819
962
9555
592
51
62
52
52
53
259
926
9666
9566
629
778
962
839
9555
629
981
25
16
52
52
52
53
5956
951
619
961
496
962
9588
952
529
952
51
62
51
259
925
296
9666
9656
7
555
777
951
519
962
9777
972
51
62
52
52
53
666
649
555
7
951
977
945
497
952
9558
962
51
62
52
52
53
269
9666
5595
962
629
588
962
619
961
9888
951
16
51
259
925
62
52
529
951
9566
951
9566
952
529
9777
9888
951
62
51
529
952
529
9555
619
9666
819
961
988
951
9666
961
529
952
25
25
52
52
53
51
666
649
919
963
749
951
298
9666
9778
962
25
51
62
52
52
539
926
9665
952
519
961
629
7
972
9555
962
25
51
62
52
52
539
926
9665
952
629
555
952
9667
962
639

52
52
52
52
53
51
666
649
974
63
829
9666
9777
952
529
951
25
16
52
52
52
53
5956
9666
629
972
9588
951
529
56
961
62
16
16
16
61
64
51
629
952
529
9555
629
691
9677
962
729
972
62
52
52
52
52
35
5966
951
619
961
619
961
9788
56
927
629
62
52
52
52
53
529
983
6966
9666
9555
962
529
5
927
619
962
25
51
61
529
952
555
6966
951
966
77
952
529
88
961
9888
951
61
61
61
61
61
649
952
619
952
529
588
929
85
951
619
952
51
62
52
52
53
259
926
9566
9666
51
819
962
898
919
556
952
51
61
259
925
62
52
5955
951
619
961
619
952
9566
972
9788
962
51
62
51
529
952
555
619
961
619
962
739
962
9555
962
619
952
61
61
61
61
64
159
962
556
279
962
295
952
519
952
619
952
25
52
52
52
53
629
952
9566
962
6966
929
961
619
952
619
981
25
25
62
52
52
159
935
619
9566
519
667
962
729
55
919

61
61
61
61
64
51
629
952
529
9556
296
951
629
952
51
189
61
61
61
61
61
469
952
9566
55
9555
9585
927
519
952
619
952
25
25
25
25
62
6966
963
196
962
529
951
819
556
961
629
951
16
25
52
52
52
359
9566
519
55
961
619
962
9778
9666
297
962
16
52
52
52
52
35
5956
951
669
962
978
9556
9778
9666
977
962
52
52
52
52
53
51
666
649
6
936
9556
962
19
961
967
939
16
61
61
61
64
51
629
952
529
9555
956
951
988
961
9888
962
52
51
62
52
52
519
953
9566
919
6669
629
952
52



52
51
62
52
52
53
5956
951
619
961
619
961
977
9556
9777
962
61
61
61
61
64
51
556
62
5955
951
62




159
26
159
952
52
52
52
839
566
691
529
7979
952
529
692
9949
952
52
169
951
52
529
556
961
61
289
952
529
556
929



15
62
52
159
926
5559
961
61
7779
962
99789
692
6789
951
8589
961
269
915
25
25
259
926
579
55
962
72
8889
936
649
961
779
962
16
159
925
26
619
691
379
691
9989
656
961




26
52
61
52
61
61
619
7
961
619
555
788
691
7589
692
7789
952
159
962
15
296
952
52
6559
9679
591
619
929
952
9919
691
9939
592
15
296
915
25
26
52
7569
919
777
5569
179
952
398
981
39
693
52
169
952
52
52
369

9559
962
72
64
629
9879
556
9967
951
269
952
52
52
52
539
5979
929
983
52
6559
591
81
6669
5
962
62
159
952
529
592
169
6969
9992
729
917
629
972
279
925
749
591
62
159
952
529
952
6559
691
62
189
962
379
952
619
927
7589
962
159
926
619
981
52
397
972
555
52
566
5589
9977
962
52
9919
952
62
159
925
529
972
81
53
666
529
592
519
929
858
951
9778
9199
52
52
52
52
539
926
99579
666
929
952
719
972
7889
961
9556
592
15
269
952
52
52
36
589
926
9929
9994
759
556
961
889
5989
952
61
529
952
52
52
6559
961
52
529
9992
529
99969
939
9579
9589
962
61
25
25
269
952
52
529
692
769
925
8589
592
8589
691
819
962
16
15
26
61
61
619
55
6969
952
61
99779
915
269
917
6779
9299
15
529
952
52
196
692
9666
952
8779
963
279
794
749
556
877
592
25
25
26
52
52
6559
9779
952
839
592
83
6669
917
61
9555
951
61
259
952
52
52
81
5669
692
8559
929
666



16
529
159
962
159
961
61
61
479
691
967
591
8789
952
8679
961
5889
952
15
61
259
961
61
61
6789
691
9566
961
5559



269
691
62
159
925
296
961
61
4999
691
589
555
878
666
929
778
788
952
52
52
16
52
52
36
8569
9955
929
792
51
52
529
592
529
952
16
25
52
52
53
6559
9769
692
99779
592
7679
592
889
5979
799
691
62
52
52
61
61
61
519
952
99779
945
495
961
8789
962
8779
952
269
952
15
52
529
592
839
656
952
9666
888
55
9955
692
529
952
61
25
529
952
529
952
839
952
729
6966
977
591
8779
916
529
691
61
25
52
529
592
52
839
592
779
592
5669
9859
67
961
8779
962
269
951
25
269
915
529
58
962
9556
9779
67
917
529
974
61
619
61
25
529
691
619
691
519
592
6789
592
73
9555
592
52
677
62
52
51
269
952
52
369
66
691
298
963
6889
592
7789
951
7579
961
61
52
529
952
529
592
489
656
961
729
666
951
489
962
819
972
25
269
915
26
159
952
6579
961
99889
592
529
9966
888
891
739
961
61
259
925
296
916
15
6789
691
619
5969
767
916
1999
891
6669
792
52
619
952
52
52
83
6669
929
9779
961
619
962
5889
961
8779
974
26
195
952
529
592
52
759
6959
961
62
719
929
949
939
558
692
52
16
159
952
52
639
66
919
962
619
88
592
198
961
9979
952
16
25
26
81
529
592
529
655
691
629
919




2
26
195
952
729
981
539
655
691
8589
691
769
691
8589
692
8579
692
15
259
926
52
52
36
549
856
961
61
879
952
629
952
28
81
61
52
52
529
592
81
539
591
99689
655
952
52
52
52
52
52
16
15
52
619
961
619
888
792
72
5559
666
919
9879
591
8789
961
15
529
952
529
963
52
639
555
929
592
99679
955
289
952
52
52
159
961
269
961
61
61
489
974
829
891
8559
981
6669
566
8989
691
62
51
529
592
529
981
369
556
592
52
9777
962
8889
666
919
952
269
951
259
926
15
259
961
62
719
961
967
592
8789
961
298
794
51
26
51
529
592
5559
77
962
7789
972
749
972
6559
666
888
694
269
952
51
25
269
952
839
961
589
692
99889
666
888
666
961
52
62
15
52
529
592
52
739
566
961
619
9779
928
496



62
15
25
295
926
5559
961
52
729
972
819
972
819
983
71
639
25
62
52
52
52
53
839
566
691
529
592
52
52
629
667
952
159
952
52
52
169
963
619
692
889
963
529
951
7779
592
9777
928
269
951
269
951
829
981
6559
692
839
566
788
9655
8779
9556
619
952
51
26
159
961
25
52
3999
951
279
693
729
591
6779
925
8679
792
25
52
52
52
53
26
39
952
9677
962
779
962
889
555
691
61
52
51
269
952
52
52
397
6966
29
591
298
916
7779
963
669
981
61
52
529
592
529
952
739
99959
691
529
949
962
99789
962
619
952
62
159
926
619
691
61
619
591
9929
691
5559
961
529
594
29
594
61
259
592
729
981
539
655
962
8569
961
7889
666
767
9991
197
915
52
619
952
52
52
52
6569
792
7679
952
779
925
779
925
7789
892
159
961
52
52
73
72
729
555
952
5669
919
891
9555
928
99589
9199
25
62
15
296
915
52
7569
691
619
952
8889
892
839
666
929
951
61
52
529
592
52
52
489
952
739
9666
7779
962
729
9555
7889
961
16
52
15
52
52
36
9556
9859
677
692
8779
925
7789
656
929
961
26
52
52
52
52
539
766
919
9889
961
8779
981
53
6669
9889
961
16
25
159
961
61
61
459
592
9939
961
298
666
919
792
8779
962
26
195
952
52
52
9555
6979
692
6779
6956
61
52
619
952
619
691
61
529
961
619
691
61
619
5955
8589
9299
49
929
888
893
619
952
15
52
52
52
639
693
619
692
8589
962
879
655
961
289
99959
692
15
61
25
296
915
52
6789
925
8579
936
529
962
779
929
877
972
15
296
916
61
61
61
829
9555
529
691
729
962
8898
691
7679
592
269
952
52
52
52
539
9869
929
766
692
859
791
7669
9679
6979
591
16
52
619
981
52
37
5559
692
99669
952
5889
962
9777
962
8589
591
61
529
952
52
52
83
6669
962
5789
961
9777
963
7579
945
5779
952
51
61
26
51
25
52
39
951
629
592
8779
792
839
656
9589
592
52
619
952
619
691
61
8559
962
619
55
961
189
591
629
592
61
15
269
691
819
592
379
555
692
398
566
919
951
99889
556
692
52
159
925
62
61
61
61
4999
961
9939
91
859
91
99889
981
8779
972
26
52
51
269
952
52
669
9966
952
169
919
691
29
952
9919
592
25
62
159
592
529
952
839
656
6979
919
929
939
7979
692
8889
792
269
952
159
952
729
981
539
592
9566
962
8679
692
197
961
298
891
16
51
269
961
619
961
61
61
889
691
5889
916
9677
945
519
961
51
61
26
61
61
61
619
566
919
979
888
961
8889
666
758
961
61
25
529
592
529
952
839
592
729
6955
9979
919
5959
925
8569
691
15
269
915
529
952
63
529
666
888
592
7789
555
929
691
289
972
62
15
259
592
529
952
839
566
961
61
7779
952
7779
9555
99889
951
15
26
52
52
53
269
556
927
279
962
99589
962
779
952
9777
974
61
529
691
619
961
619
566
961
99889
917
74
5569
666
917
259
961
51
62
51
26
52
52
5569
691
7889
691
8789
566
888
66
799
591
159
952
529
592
16
36
619
952
99789
555
777
555
585
952
855
62
25
62
52
52
52
53
7669
961
769
952
189
919
888
952
195
983
159
961
259
925
25
26
839
556
961
61
8889
952
6669
88
55
972
61
52
529
952
529
952
839
766
885
566
88
99969
9779
962
729
691
269
915
529
592
529
952
19
56
691
62
889
591
5789
951
6669
592
51
62
52
52
53
269
6
692
7589
691
619
961
9777
893
5779
946
51
26
52
52
52
369
995
692
629
952
9777
592
9666
591
81
52
15
26
52
52
16
52
589
692
879
9399
279
556
951
62
8679
691
25
26
196
961
61
61
849
5955
9777
555
777
9555
7779
591
7789
981
26
159
592
52
52
52
839
9666
8889
9666
9949
691
529
691
297
961
61
25
269
961
619
954
29
961
619
691
519
691
7789
9555
9777
892
269
951
259
926
52
52
649
592
99669
919
7
567
592
61
99779
952
15
25
296
952
52
529
969
962
5579
866
592
52
8889
591
99679
592
51
269
951
25
26
52
6669
9559
592
619
9789
962
5889
962
519
891
15
62
159
592
529
936
398
962
6889
9669
939
691
819
963
729
692
52
52
52
52
53
26
967
692
589
962
52
62
6789
929
952
52
62
52
15
296
916
195
979
961
619
951
61
6569
591
81
819
981
16
25
52
52
53
26
498
916
529
694
39
592
729
919
99979
961
62
51
529
952
529
952
739
983
159
666
691
61
29
917
99589
591
61
52
529
952
52
52
719
983
719
6669
519
691
619
961
889
591
16
159
592
529
952
52
8669
962
739
55
691
819
777
655
961
289
16
52
16
61
619
691
61
5559
961
61
769
891
669
691
619
691
269
915
259
925
296
952
6579
952
589
959
961
819
929
972
38
62
25
26
195
952
529
592
839
666
888
666
691
61
729
691
29
972
62
51
269
961
619
961
889
891
489
891
9555
666
961
619
929
691
62
15
296
916
61
619
954
619
995
9955
961
298
7979
666
961
61
15
259
926
52
52
52
539
692
99789
666
555
952
159
9992
819
952
159
961
529
952
739
792
729
555
669
9555
691
819
877
592
529
592
61
52
52
529
952
52
839
566
9992
529
9669
7989
9999
927
297
962
52
52
169
952
52
529
699
962
99589
996
969
972
789
666
888
962
269
952
15
25
259
962
839
952
839
566
9955
928
5789
951
619
972
26
159
925
259
926
52
819
592
489
936
99559
962
529
952
8669
961
51
259
962
52
52
36
629
694
99559
961
7889
691
7889
9555
9777
592
61
529
952
52
529
916
99579
952
489
556
691
298
919
962
7679
952
16
15
52
729
972
559
939
691
9566
592
6789
9956
961
52
4999
592
62
51
269
961
61
619
9559
592
519
962
5889
592
189
592
99589
692
61
25
529
792
81
539
555
6955
6779
6969
691
619
8989
655
692
619
269
915
25
295
926
52
819
592
5779
925
6669
952
6779
961
7889
951
26
51
25
26
16
15
9929
952
9667
591
529
691
7579
692
619
592
61
529
592
52
52
52
839
566
8989
666
929
952
7679
962
8779
961
159
592
52
52
63
639

692
7589
666
691
81
38
52
8679
9991
51
269
916
51
829
937
729
594
295
5955
9667
9669
9999
558
952
619
51
25
26
15
269
952
6579
952
589
692
529
9299
6779
925
9777
951
51
259
926
52
52
529
656
9569
691
819
996
952
619
591
29
952
16
159
952
52
17
72
72
53
9555
925
99679
591
819
951
61
619
62
52
15
295
925
296
969
952
289
592
297
962
729
929
952
729
16
51
52
619
961
619
939
961
879
945
5559
929
952
619
9879
918
52
61
529
952
52
52
839
666
888
6669
9929
961
529
691
779
961
269
952
16
619
961
549
9769
951
769
951
9979
591
99589
919
981
519
16
25
52
51
539
962
379
925
5579
9955
961
819
929
592
5569
92
16
15
529
792
72
559
939
691
9566
5959
949
962
9555
592
51
61
16
25
15
296
916
15
269
952
389
592
559
692
977
962
99779
591
26
51
25
259
926
52
839
952
839
666
919
969
952
51
7779
591
52
61
52
529
952
52
739
983
719
666
888
666
888
566
878
692
52
619
952
529
952
52
739
983
719
656
556
927
298
592
729
952
26
15
529
952
529
981
539
951
99679
666
961
269
919
592
39
952
51
26
15
259
926
52
839
592
839
666
919
576
961
62
889
919
51
25
296
952
52
35
629
591
769
691
779
5959
961
62
7789
961
61
259
926
61
619
961
849
954
99669
591
619
755
677
919
9689
951
51
259
962
52
52
36
629
952
569
961
8789
691
99669
951
779
951
61
52
619
961
61
61
379
946
5669
591
189
591
7589
951
819
962
159
961
529
592
739
972
729
9555
5569
66
961
61
8889
691
729
919
62
159
925
25
296
952
839
952
489
936
8579
6969
919
592
729
972
15
62
52
52
53
2
819
9666
629
691
529
961
8889
556
952
19
62
52
51
529
972
539
599
926
8579
592
489
93
52
629
792
81
25
269
916
619
691
54
8679
961
8789
925
5779
555
919
691
879
981
159
952
619
952
739
972
72
5559
666
952
967
591
679
9559
954
81
16
159
592
52
529
693
689
952
489
655
961
298
919
692
99779
952
62
52
159
952
729
981
539
691
389
6669
8589
9955
577
962
72
51
15
62
15
259
926
52
529
954
769
592
6779
592
529
951
529
592
25
52
52
52
539
926
659
566
961
819
9779
9666
61
296
961
619
15
61
269
691
61
61
397
946
5589
691
8579
951
61
9555
962
169
61
529
592
529
592
529
566
952
679
952
629
952
9777
6969
961
529
15
62
51
26
52
52
369
592
6589
961
8789
691
99789
893
819
961
15
25
26
52
52
52
759
936
6889
962
529
592
7679
692
729
962
52
61
529
691
619
961
619
953
289
592
859
996
691
61
279
691
15
529
952
52
196
962
639
692
3999
591
99779
9659
9399
9555
962
52
62
15
529
952
529
592
739
983
719
5966
8779
972
6589
656
9991
51
15
25
269
961
61
619
5979
961
539
951
296
961
879
591
6789
91
15
26
15
295
926
52
839
916
529
692
52
297
67
919
6979
951
15
269
915
259
926
52
839
963
589
692
5889
6669
8889
6966
8889
692
61
529
952
529
592
52
9566
56
691
269
961
52
49
799
888
591
52
619
592
61
61
619
9689
961
99669
591
8779
591
839
5969
88
591
52
619
952
529
592
529

983
6669
961
629
917
279
55
929
691
15
296
951
259
926
52
839
952
99669
6
961
819
777
555
691
25
62
15
25
529
952
52
839
9666
8889
566
961
81
2999
962
619
962
52
51
26
52
52
52
539
962
5579
952
729
591
81
956
962
61
51
62
15
259
926
52
529
954
9667
691
8889
916
619
952
189
951
26
159
952
529
592
81
539
925
6669
691
99779
592
7679
951
9677
691
15
62
619
981
52
397
792
9955
529
666
558
592
8589
591
839
951
269
915
296
691
61
61
549
961
7559
691
5889
9669
777
555
878
691
16
159
925
269
952
529
939
592
5569
691
7889
656
952
729
9889
972
269
952
159
926
61
61
619
961
9667
591
99889
951
4999
99959
99979
691
51
61
259
926
52
52
369
592
569
961
8889
692
529
952
99889
916
52
169
915
52
529
693
689
592
54
629
9967
962
8789
693
529
592
25
26
195
926
196
915
52
52
689
959
961
269
952
61
29
9992
62
159
952
529
952
81
539
666
929
961
7679
691
99779
945
9969
951
269
915
26
61
619
691
955
952
519
9299
9677
952
977
961
9677
691
62
52
52
52
53
62
489
952
719
566
961
619
952
52
9777
952
62
159
925
26
61
619
9759
691
99579
951
7889
556
949
691
789
951
51
26
195
926
52
52
389
926
759
592
529
592
8589
962
529
592
269
915
26
619
961
61
5589
952
6679
591
29
952
5559
952
159
92
25
25
26
52
52
649
9689
592
489
692
259
928
729
9666
9777
952
62
15
529
592
529
592
739
983
677
729
9559
891
6669
566
99989
952
15
62
52
52
53
26
379
981
559
655
691
298
919
927
6779
961
25
51
26
52
52
53
839
591
7669
6969
961
296
963
629
919
972
269
915
25
52
729
981
539
592
5669
9966
961
529
777
555
777
891
62
52
15
52
729
981
539
963
198
592
9566
962
629
666
918
51

1562
61
26
52
52
53
269
591
54
51
52
61




1525
26
52
52
539
962
51
62
529
952
619
592
52
62
629

5116
269
951
26
52
52
36
529
591
649
951
61
619
961
72

5262
61
529
592
52
529
983
61
619
945
51
62
61
9919
926

52159
619
592
52
529
983
51
629
951
61
61
61
61
61
629

2526
269
952
52
52
83
519
693
61
296
916
61
52
529
962

1515
296
916
52
52
53
639
951
54
519
981
81
9666
951
62

1662
25
26
619
961
61
629
592
52
52
529
952
529
952


16159
159
952
52
52
639
963
51
296
951
529
592
619
961
61

2526
62
619
981
81
52
52
529
591
619
692
52
51
62
729

269269
915
269
952
52
53
64
51
62
529
591
52




6261
51
259
926
52
719
983
81
53
519
962
519
591
61
61

6262
52
15
25
26
52
64
529
954
51
619
961
629
591


5125
61
26
15
25
26
52
52
52
519
891
63
619
961
619

1516
61
52
52
529
952
81
619
793
639
693
639
693
629
952

215
619
952
529
592
529
952
83
719
961
9565
951
62
619
981

6152
269
691
619
691
629
592
529
592
469
591
51
61
51


2515
15
26
52
52
539
891
62
619
592
51
61




61159
529
952
52
52
1
529
983
159
692
519
961
61
296
592

61159
52
619
952
529
952
52
159
962
51
629
951
619
691
62

5151
62
52
52
53
26
52
529
9499
529
591
819
891
63
63

2661
195
952
529
592
169
592
52
51
619
962
52
619
961
729

1526
269
915
259
926
529
916
52
51
619
591
619
691
2
61

2615
51
529
952
52
529
983
619
961
54
51
61
619
961
61

25159
16
25
26
81
52
36
15
26
51
529
591
629
592
72

5151
269
915
529
592
529
952
519
692
519
961
619
792
619
961

159269
962
52
52
52
53
26
52
529
591
819
891
396
9992
36

5126
26
52
52
539
962
81
52
819
935
61
61
61
619
962

6126
259
952
52
529
952
83
52
619
691
74
36
15
519
592

52159
51
529
952
529
952
1
739
693
639
692
619
961
369
692

1516
62
61
61
61
61
74
62
52
52
529
592
539
691
519

16159
15
259
592
529
952
52
519
926
51
61
52
619
961
619

1516
296
916
619
691
61
74
629
592
529
592
529
962
529
952

125
25
269
952
52
53
295
981
296
951
519
691
61
26
629

1652
159
929
952
52
529
952
52
51
529
962
529




5252
619
952
529
952
529
893
519
961
629
691
61
619
961


269159
916
195
961
61
61
649
692
529
952
52
62




51159
25
52
529
592
529
691
52
51
619
691
61
62
179
961

15916
961
529
952
52
519
925
519
961
61
61
519




161
51
26
52
52
539
983
519
594
51
619
961
61
629
963

2625
159
592
52
52
529
983
52
169
951
26
519
961
52
629

15951
952
52
52
51
519
691
61
62
73
62
63
52
529
9992

2516
16
25
52
52
53
16
259
591
61
619
961
619
691


2551
159
926
52
52
529
936
529
694
159
691
629
951
529
961

6115
2
52
52
529
592
52
83
519
961
269
591
61
62
52

5125
61
52
529
952
519
952
81
61
619
952
619
962
519
952

5126
26
52
52
52
529
593
26
459
951
81
819
692
72
6966

269159
951
269
961
619
961
62
52
529
592
52
529
591
549
952

5215
169
916
619
961
61
74
629
592
52
52
529
592
51
51

1662
15
295
926
52
71
61
36
62
169
972
749
929
915
629

1552
62
169
691
619
691
74
629
592
52
52
529
952
529
592

61269
529
952
529
592
83
619
961
52
61
61
529
961
619
951

26159
159
9299
52
529
952
159
983
71
52
519
961
61
51
619

5226
619
952
52
52
519
893
51
62
519
691
619
691
619
961

2561
61
2
52
52
52
519
983
159
972
51
396
591
619
691

5116
61
25
26
52
539
962
51
549
951
629
951




2616
195
952
52
51
83
519
952
61
619
961
619
691
619
952

1616
25
2
159
952
52
529
915
51
61
61
52
62
197
961

2615
15
529
952
529
952
83
15
62
51
269
591
619
961
629

52159
61
529
592
52
52
83
619
952
51
61
619
962
529
951

1651
15
25
25
296
952
52
649
592
495
961
61
619
691
61

2662
619
961
61
61
629
952
529
592
52
549
954
81
619
691

6226
159
952
52
52
199
83
159
951
619
792
63
169
936
629

26159
52
52
52
53
83
519
593
61
61
26
51
629
691
619

2626
159
952
52
529
983
719
5955
296
591
619
691
61
619
962

6125
52
52
529
952
52
839
591
629
951
259
692
61
529
961

6251
15
269
961
619
691
629
952
52
519
691
529
961
529


52159
16
195
592
529
951
295
591
61
61
619
691
72
619


6215
15
26
52
52
64
749
961
62
529
692
629
692
52


26916
951
61
82
52
529
592
83
529
592
196
591
269
951
619

2561
15
296
952
529
593
81
51
619
951
619
951
619
961


6125
259
926
52
52
649
592
649
954
519
891
495
981
819
6669

2626
15
295
952
529
592
83
169
952
51
296
591
619
691
297

26926
915
25
25
296
952
529
981
83
719
952
51
619
961
539

26916
952
15
259
926
52
169
592
519
961
619
9299
52



1525
269
952
52
53
259
891
529
691
51
61
629
961
629
951

2561
52
52
52
539
951
61
295
961
61
619
961
619
692
619

15269
61
529
952
52
519
691
25
51
619
961
61




5226
16
196
961
61
61
74
629
592
529
592
83
51
52
61

6215
15
295
952
529
951
83
719
952
519
962
519
961
619
692

1516
269
952
52
52
52
539
591
61
619
692
72
619
692
619

2662
15
52
529
592
52
839
951
61
53
519
961
619
691
497

6115
25
259
925
259
926
52
529
952
396
951
61
61
619
691

2525
269
952
52
52
529
983
639
592
519
962
52
51
529
691

2661
15
259
926
52
64
52
51
549
951
61
26
62
529
691

269159
951
25
269
952
529
915
819
893
519
691
63
519
691
61

5252
619
592
52
529
592
83
61
529
591
61
61
629
961
52

62269
15
52
52
52
83
15
51
269
591
619
961
619
952
61

159269
926
169
691
619
961
74
62
52
529
592
83
529
962
529

2661
51
269
691
619
961
62
529
952
529
952
52




5152
61
529
952
52
529
891
639
961
529
591
619
961
619
691

6251
52
169
961
619
961
62
52
529
962
72
729
692
729
961

26269
51
259
592
72
81
539
592
519
961
61
619
592
51
62

15952
926
52
52
539
925
81
519
691
51
619
591
52
619
961

26916
952
52
52
52
53
29
983
15
629
951
26
51
619
691

2159
15
26
15
26
619
691
619
962
52
529
592
619
952
52

2562
62
61
619
691
619
962
52
52
529
952
529




6261
52
52
52
539
983
51
53
619
962
51
629
952
519
961

15926
926
16
619
961
61
74
629
952
52
529
952
61
619
915

26961
951
26
619
961
619
692
52
52
52
61
52
19
952


5161
62
52
52
53
62
52
52
529
692




629

5151
62
169
961
61
74
54
52
52
62
629
792
72
62
52

6251
15
52
52
529
952
839
951
62
51
52
52
61
619
693

6251
51
529
952
529
592
83
61
529
592
529
951
61
629


15952
962
51
529
592
529
692
529
692
529
693
63




151
269
952
52
53
629
961
61
629
591
51
819
962
72
62

6261
61
619
961
549
951
46
529
961
52
529
91
52
61


5116
62
16
619
691
61
519
961
2
72
61
61
61
619
691

25269
269
952
52
52
52
83
63
52
61




62

5252
61
529
952
529
952
83
629
972
62
72
519
692
529
691

25159
62
16
61
61
46
62
52
529
952
529
961




26269
196
915
61
61
61
649
692
529
591
25
529




252
16
26
195
961
61
61
61
619



61
619
92

5216
61
529
592
529
952
83
52
619
691
46
629
951
52
51

1615
25
52
52
539
962
519
961
61
629
952
51
629
961
619

16159
269
916
159
961
61
62
61
529
952
519
954
529
592
4999

2626
195
926
52
52
649
794
51
52
51
819
891
819
936
51

26269
16
195
961
61
46
62
529
592
839
592
529
692
619
891

26962
915
529
592
529
916
62
52
52
52




16

16159
51
52
529
592
529
952
51
629
592
729
951
529
691
529

159269
926
991
52
529
592
52
51
649
951
62
519




2562
26
52
52
52
529
592
83
63
52
72
51
529
952
819

26159
52
52
52
539
983
519
593
629
952
61
62
61
61
639

2561
26
52
52
71
64
51
52
62
72
629
592
52
52
51

2551
62
159
926
52
52
52
53
629
952




16

1562
269
952
619
981
52
396
952
529
592
81
619
952
52


2616
51
269
961
619
946
629
592
519
961
629
952




5252
619
592
52
52
529
983
51
62
529
952
61




6161
52
529
952
529
983
719
961
35
61
629
691
619
692


51159
26
52
52
529
936
519
692
629
591
61
629
961
52


52159
61
52
529
592
83
71
619
691
53
529
592




1652
15
25
529
592
52
52
519
952
819
691
61
619
92
61

6126
259
952
52
529
952
83
52
169
962




529

6161
25
295
952
529
592
83
52
169
962
619
691
52
64
61

1651
51
529
592
529
592
52
51
529
952
52
52




62269
52
159
926
52
64
549
961
61
619
961
52
52
529
594

26269
159
952
529
952
52
83
52
16
62
619
961




1651
52
52
52
53
629
951
61
62
1999
592
52
52
52
52

1662
15
259
926
52
52
529
981
81
269
592
52
52
52
62

6262
52
159
926
619
961
749
961
61
61
9919
691
819
981
15

15916
962
61
81
72
64
61
61
61
619
951
61




2525
25
26
52
52
83
719
961
619
591
529
952
519
692
9919

25269
26
52
52
52
83
519
963
529
952
52
62




1626
16
159
961
61
61
74
619
954
61
529
691
529
981
529

5126
61
52
52
529
952
629
952
51
52




269

61159
25
529
592
529
952
83
52
16
629
691
619
952
64
61

6252
52
159
926
52
649
691
62
529
951
529
952
819
961
61

2526
62
159
926
52
529
691
81
52
519
692
52




16159
15
25
296
691
619
961
62
51
619
915
61




26952
915
295
592
529
952
839
591
629
692
52
619
961
619
693

52269
619
952
52
52
52
83
15
61
62
729
792
729
692
729

15916
962
159
952
52
52
61
52
295
891
72
629
592
529
951

16159
15
61
829
972
51
529
935
61
62
629
692




5162
269
915
26
52
53
26
51
529
691
61
619
961
61


1269
52
61
52
529
952
52
52
52
619
792
72
992
619
925

2516
25
62
52
71
64
629
691
529
592
9919
952




26962
961
61
61
61
62
52
619
592
54




51

15916
926
52
169
952
52
529
953
529
981
62
16
1
29
926

5151
26
52
52
539
692
51
259
591
529
926
61




6262
159
926
61
619
691
629
961
52
619
961
529
691
61
61

26951
952
52
52
52
52
396
691
619
961
529
952




159269
926
52
52
539
692
519
691
9929
691
61



629

15916
962
159
592
529
952
991
62
529
592




26

1626
25
52
15
26
839
592
819
691
619
961
295
592
529


1269
62
52
52
52
53
529
691
619
961
61
529
592
619


15915
926
52
52
52
529
953
62
52
619
691
61




5261
61
619
952
52
529
952
52
529
981
61
52
62
62
61

26951
915
529
592
529
952
52
529
92
52
61



169

6225
52
169
691
619
594
52
52
519
692
519
691




6261
61
619
961
61
51
619
961
62
519
961
619
961
61
61

15916
962
51
26
52
52
83
639
916
61
619
962




52159
61
52
52
529
592
52
529
929
961
629
9991




26269
1
619
961
61
61
62
519
692
51
519



16

1526
61
259
926
52
53
839
951
459
692
519
691
52
619
691

5252
61
52
529
592
83
51
53
296
592
52
61
619



5125
61
26
52
52
53
62
629
961
62




26

16159
15
29
952
52
529
952
629
592
529
691
62




6126
529
691
529
952
52
52
81
83
519
962
519
962
51
619

5251
51
62
16
52
52
619
961
61
29
961
9929
592
9919
592

2616
159
592
52
52
529
983
52
169
691
619
962
729
592
819

1269
529
952
619
592
52
529
952
52
529
961
619
962
619


2651
51
25
26
52
619
945
62
52
74
549
954
52
51
61

5251
16
52
52
53
62
62
529
952
619




629

2516
26
159
592
52
529
983
619
691
51
629
952




1552
62
15
992
529
952
52
15
529
591
52
819
792
629
691

1625
16
61
61
61
64
529
691
529
961
529
981
819
891
51

2515
16
269
691
619
691
61
299
529
952




619

1159
52
619
592
529
592
529
952
51
619
691
61
51
619


5226
16
52
52
52
529
952
395
692
629
792
72
729
792
61

5115
61
269
691
61
74
549
692
52
619
692
529
591
52


15962
962
15
269
952
529
691
819
93
839
951
819
962
619
962

52159
619
952
529
592
52
83
51
62
529
91
61
62
72
72

215
52
619
592
52
529
983
159
691
619
961
619
692
519
952

15925
592
619
952
52
359
591
61
519
961
61



629

2616
16
159
961
61
61
519
961



16
52
51
52

6161
52
529
952
529
952
83
52
619
961
74
54
51
51
729

15915
961
26
61
619
691
619
951
61
61
519



259

1515
296
952
52
53
52
81
52
619
691
62
72
519
691


2552
61
25
295
952
72
83
719
963
529
692
519
691
619
961

2526
159
962
52
52
539
981
62
519
691
619
592



61
61
61
61
64
51
556
62
595
952
798
929
67
919
9779
961
16
25
25
51
62
52
539
9666
619
9555
197
926
519
961
529
952
51
61
529
952
529
9556
519
666
88
961
9566
951
529
981
619
952
16
52
52
52
52
35
566
649
56
962
19
926
629
951
9888
981
52
52
52
52
53
51
6956
961
9666
961
29
981
977
9656
9777
972
52
51
62
52
52
529
953
51
6966
952
298
952
51
629
666
971
61
61
61
61
64
51
556
62
5958
56
929
952
9778
962
729
953
16
16
16
61
64
169
952
5559
919
556
858
961
298
566
929
952
16
25
61
61
269
961
495
952
9556
961
9888
9666
977
951
977
962
25
51
61
259
962
52
539
9666
619
945
198
962
529
952
819
981
52
52
52
52
53
629
9666
9566
858
926
977
962
729
951
839
925
61
61
61
61
61
649
952
5559
954
9566
8
656
929
961
71
259
51
62
52
52
53
529
952
9666
9667
619
667
972
529
935
9666
973
62
51
259
952
529
9556
666
6966
766
935
519
891
819
981
81
269
51
61
259
925
62
52
5955
916
619
961
988
951
977
961
819
952
51
61
529
952
529
9555
6966
917
619
9556
519
556
981
629
919
952
25
51
62
52
52
53
5956
961
529
677
566
916
729
962
9588
962
25
51
62
52
52
539
925
51
6966
6669
62
52
898
951
619
962
51
62
52
52
53
666
649
9556
619
67
961
819
6
961
279
961
61
61
61
61
61
649
952
556
2
5955
919
961
829
952
7978
962
51
61
259
925
62
52
5955
951
6696
962
798
916
9888
916
9566
961
51
62
52
52
53
259
926
9666
5
961
9677
962
629
952
7978
962
51
62
52
52
53
666
5696
58
58
929
887
929
566
951
529
961
51
62
52
52
53
529
9666
9665
9889
962
179
962
519
961
739
972
51
62
52
51
529
935
9556
666
952
619
961
529
952
629
888
916
51
61
259
952
529
9555
619
566
918
196
677
9666
19
555
919
981
51
61
529
952
529
9556
6696
9666
29
691
9
981
519
929
677
951
25
16
52
52
52
539
926
9556
962
9677
962
9556
951
295
952
529
52
51
62
52
52
529
953
629
9566
629
961
629
952



16
61
61
61
64
51
556
5956
888
9566
5595
962
9555
952
858
63
62
52
52
52
53
666
469
9566
619
981
9555
962
529
962
629
592
52
51
62
52
52
35
5956
951
6696
918
519
9666
619



25
16
25
25
25
539
926
9666
566
962



5595
556
961
16
52
52
52
53
529
9666
9665
9667
519
952
529
962
52
798
961
25
51
62
52
52
53
5956
951
9666
981
619
961
9777
56
858
926
25
16
52
52
52
53
5956
951
619
962
19
962
198
667
919
926
16
61
61
61
64
555
5955
973
955
962
596




619
51
61
529
952
529
9555
619
666
592
619
555
962
9
952
966
693
52
51
62
52
52
529
953
629
9566
529
916
619
972
529
962
819
51
61
259
952
529
9555
619
961
619
952
9667
925
529
961
9788
962
62
52
52
52
53
529
972
5956
9669
952
749
951
298
952
819
926
16
61
61
61
61
469
952
529
9556
519
77
9555
297
951
819
981
16
51
259
925
62
52
5955
666
78
951
9556
961
955
916
298
952
61
61
61
61
64
51
556
62
5955
951
629
981
519
981
719
951
25
51
62
52
52
539
926
9666
919
9566
629
951
9778
951
9888
952
52
51
62
52
52
529
953
6669
929
9676
197
9556
978
951
9778
915
62
51
529
952
529
952
83
51
666
6966
67
951
529



25
16
51
259
952
9666
963
9655
961
519
952
529
5
972
629
972
51
61
269
961
619
961
556
62
529
951
519
891
296
592
9666
981
51
61
529
952
529
9556
519
9666
629
691
529
927
629
927
295

52
52
52
52
53
51
619
9666
967
666
588
951
629



16
25
52
52
53
269
9566
966
7
55
951
529
77
951
619
951
16
52
52
52
52
359
9566
519
666
927
19
7
588
67
952
629
52
51
62
52
52
519
953
9566
919
9666
9677
951
519
981
9677
951
51
61
259
952
529
9555
619
566
85
766
788
961
29
566
981

52
51
61
529
952
555
6966
917
619
66
919
952
619



51
62
52
52
52
359
926
9666
961
9667
919
951
519
929
778
951
52
52
52
52
53
51
6569
666
78
963
519
952
819
962
9677
962
61
61
61
61
64
51
556
62
529
951
619
556
929
952
519
962
25
51
62
52
52
53
5569
951
619
665
972
529
566
919
929
972
51
62
52
52
53
259
926
9666
656
951
9677
953
519
951
829
972
16
51
259
952
529
9556
519
9666
629
961
9555
952
7889
961
7789
981
25
16
52
51
62
52
539
9666
519
56
58
962
958
961
29
961
51
62
52
52
52
539
926
9666
961
519
558
972
529
952
529
961
51
62
52
52
53
529
9666
9665
919
67
916
62
629
972
9888
984
16
25
25
25
53
269
9666
956
7
9566
9888
962
9588
9666
72
529
52
51
62
52
52
35
5956
951
619
6696
61
619
77
566
767
961
16
61
61
61
64
555
62
5955
919
9667
197
951
295
952
529
951
61
61
61
61
61
469
952
556
259
951
619
915
81
5955
961
619
51
62
52
52
53
259
951
9566
565
962
729
972
629
962
9558
962
25
51
62
52
52
53
566
619
566
915
297
952
629
951
988
962
52
52
52
52
53
51
666
619
949
556
929
952
629
961
619
972
25
16
52
52
52
53
5956
951
6696
952
189
972
967
972
529

52
51
62
52
52
529
953
51
6966
916
629
556
961
529
77
929
16
51
259
925
62
52
5955
951
9666
952
729
9666
62
52
9888
916
25
16
52
51
62
52
539
951
9666
9556
297
556
919
952
9788
961
52
52
52
52
53
51
6569
951
9666
952
889
917
297
961
629
973
51
61
259
925
62
52
5955
951
9666
927
297
951
9677
962
8889
951
16
25
52
52
53
269
9555
196
961
566
719
961
519
952
7779
952
25
52
52
52
53
51
666
619
66
983
519
9566
529



52
52
52
52
53
51
619
9566
519
961
9677
951
819
952
296
952
62
51
259
925
62
52
5955
961
9666
952
629
919
788
962
19
972
16
61
61
61
64
159
962
529
9555
955
961
81
967
558
928
196
51
62
52
52
52
539
925
519
961
619
66
952
798
67
777
925
61
61
61
61
64
51
556
5956
961
9558
951
519
961
529
77
952
51
62
52
52
52
35
566
619
961
629
55
954
195
952
849
952
51
62
52
52
53
259
926
9666
961
619
666

67
925
297
961
51
62
52
52
53
259
926
529
566
566
952
729
85
766
972
729
62
52
52
52
52
35
83
51
6956
665
676
952
619
972
729
981
25
25
16
25
25
25
539
9566
9666
691
61




159
16
52
52
52
53
269
9666
9656
961
629
88
935
9588
962
9888
981
25
51
62
52
52
53
666
5956
929
961
619



52
71
61
61
61
61
64
51
556
5955
952
619
952
529
777
566
929
972
52
52
52
52
53
629
9666
639
656
951



62
5955
951
25
51
62
52
52
539
926
9666
65
972
729
972
5955
952
629
972
51
61
529
952
529
9556
9666
558
67
961
298
961
9677
962
639
972
52
52
52
52
53
51
666
649
566
67
888
963
819
9666
195
961
51
62
52
52
52
35
5569
566
918
196
961
619
961
629
585
929
25
52
52
52
53
629
9666
639
9559
961
9667
558
962
729
949
972
51
61
529
952
529
9555
619
666
88
961
9556
961
629
963
639
972
25
25
16
25
25
666
649
954
9555
951
297
667
962



16
25
52
52
52
539
925
519
961
619
66
952
966
952
955
929
51
62
52
52
52
35
5956
916
9666
952
529




629
25
52
52
52
53
51
619
9566
519
961
619
961
9788
962
9888
951
51
62
51
529
952
555
619
9666
619
961
619
961
9778
925
956
929
61
61
61
61
64
52
5696
952
629
952
9778
962
956
9555
289

51
62
52
52
52
359
926
9666
65
9666
519
961
529



51
61
259
925
62
52
6966
9566
289
952
749
951
619
952
9666
981
51
61
529
952
529
9555
5966
961
619
55
961



52
72
61
61
61
61
61
649
952
556
259
962
619
952
9667
917
61
61
62
52
52
52
53
666
555
629
558
962
529
691
619
963
629
973
25
52
52
52
53
629
9666
639
56
9556
9888
962
9588
9666
519
973
25
51
62
52
52
539
926
9666
9566
296
77
952
19
951
8889
961
25
25
52
52
53
51
666
666
529
66
778
952
519
961
9888
973
25
16
52
51
62
52
529
935
519
961
619
961
629
951
295
961
25
51
61
259
952
729
9666
629
9556
529
888
962
9558
961
729
981
16
16
51
61
61
61
649
925
629
952
5955
962
529
981
619
961
25
51
62
52
52
529
935
6669
952
519
962
529



52
62
52
52
52
53
259
925
629
952
9666

962
619
961
529
952
25
51
62
52
52
529
935
25
629
9666
629
961
977
962
19
952
52
51
62
52
52
529
953
519
961
619
961
519
7
691
619
926
16
52
51
529
952
555
6966
962
9556
952
169
961
729
972
729
972
16
25
52
52
53
269
9666
729
565
556
961
629
588
952
7988
961
62
52
52
52
52
539
983
6669
666
9555
629
972
729
9566
19

61
61
61
61
64
159
925
529
566
962
19
952
9888
9566
9788
981
51
62
52
51
62
52
839
952
9556
951
9666



629
961
51
62
52
52
52
529
935
629
9666
519
961
619



269
61
61
61
61
61
469
952
556
62




51
5955
952
52
51
62
52
52
529
953
296
9566
9556
588
962
9777
566
888
962
16
25
25
52
52
35
5956
951
619
961
619
962
619
962
9788
951
52
51
62
52
52
519
953
9566
9666
629
951
629
951



25
16
52
52
52
53
5956
951
619
66
929
961
9
929
588
962
52
52
52
52
53
629
9666
639
555
952
619




259
62
51
529
952
529
9556
519
9666
298
9566
9777
9556
9677
952
529
952
25
16
52
52
52
53
5956
9666
197
56
919
952
729
58
88
961
51
62
52
52
53
259
926
9666
56
962
39




629
52
52
52
52
53
629
9666
639
9556
629
961



62
539
16
52
52
52
53
666
649
556
858
962
619
961
519
927
9788
962
25
51
62
52
52
53
5956
951
9666
961
9788
962
9588
952
198
981
62
51
529
952
529
9555
619
9666
295
951
9666
952
195
952
729
961
16
52
52
52
53
529
972
5956
566
961
529
9666
619
961
529

51
61
259
925
62
52
5955
9666
295
961
9667
972
9888
9556
529
961
25
62
52
52
52
53
83
159
9656
519
666
666
888
9666
52

52
52
52
52
53
51
666
649
6
935
629
951
619
961
9788
952
61
61
61
61
61
469
952
556
259
962
298
555
946



61
61
61
61
64
51
556
62
539
9555
519
961
61



52
51
62
51
62
52
5955
951
619
961
9666
926
19



61
61
61
61
64
51
629
952
529
9556
529
591
988
951
819
981
52
51
62
52
52
359
9566
519
6
9566
629
952
9788
917
629
952
25
62
52
52
52
539
925
519
9666
519
961
619
78
962
397
915
52
52
52
52
53
159
9656
196
666
963
988
952
739
9556
629
972
62
52
52
52
52
539
925
629
951
9666
555
962
729
972
19
972
51
62
52
52
53
259
926
9556
67
961
529
961
619



25
25
52
52
53
51
666
649
963
629
788
952
749
9566
296

25
52
52
52
53
629
9666
639
9556
619
788
6669
9888
9566
529
952
51
61
529
952
529
9555
619
961
9666
919
78
952
198
9566
529
926
61
61
61
61
64
555
539
9555
519
9556
629
961
9885
58
58
926
51
61
259
925
62
52
5955
951
619
9666
9777
9556
9888
961
49
962
51
61
259
925
62
52
5955
951
619
961
9677
952
977
9556
519
962
52
51
62
52
52
529
953
9666
667
962
529
961
529
952
819
981
16
52
51
259
952
729
953
555
619
9666
519
952
978
66
788
951
51
62
52
52
53
259
951
9566
919
9666
519
962
9888
951
529
952
51
62
51
259
952
729
935
555
619
961
619
9666
529
962
529

52
52
52
52
53
629
9666
639
9566




62
5966
951
61
61
61
61
64
51
556
62
539
9555
629
961
9778
928
9677
952
51
62
52
52
53
259
951
9566
919
961
539
9566
9778
961
9588
962
52
51
62
52
52
359
925
6669
66
962
529
961
977
925
9588
951
51
62
52
52
52
359
926
9666
9556



629
9555
195
981
61
61
61
61
64
555
62
5956
951



159
9555
529
951
52
51
61
259
952
729
9555
51
619
9666
619
961
295
928
819
962
51
62
52
52
53
259
951
9566
919
961
749
9566
619
952
529
929
51
62
52
52
52
53
5956
951
619
961
297
666
962
51
9667
952
25
25
52
52
53
629
9666
639
9556
62
7977
962
729



52
51
61
259
952
729
9666
9555
55
951
7977
9566
629
952
519
961
52
51
62
52
52
53
5966
951
519
961
9555
962
529
946
54
269
51
62
52
52
52
539
926
9665
949
951
9666
962
619
952
639
919
52
52
52
52
53
159
9656
196
961
639
961
629
961
529
961
549
51
62
52
52
52
35
5956
916
619
961
619
67
588
9666
9777
962
25
51
62
52
52
539
951
9566
9666
51
519
962
9778
952
719
962
52
52
52
52
53
269
9666
9556
962
619
778
955
519
952
549
962
25
25
25
62
52
529
983
6966
9556
629
961
619
962
519
929
961
52
52
52
52
53
51
6956
951
619
9666
988
962
529
962
9588
961
16
51
269
916
619
961
556
62
5955
952
619
952
9888
55
981
549
51
62
52
52
53
259
926
9666
655
961
619
961
729
952
9888
951
25
51
62
52
52
53
5956
951
619
961
619
963
529
927
639
951
52
52
52
52
53
51
6966
951
619
961
9666
929
777
925
298
952
51
62
52
52
52
359
926
9665
961
619
677
952
529
952
529
952
25
25
61
259
925
296
9666
729
666
929
972
72
9555
962
519
962
51
62
52
52
53
259
926
529
9666
9666
777
555
777
951
9666
935
25
62
52
52
52
529
935
6669
9669
961
9555
915
9788
961
819
962
52
51
62
52
52
529
953
9566
6
6696
62




269
51
61
529
952
529
9556
519
9666
629
926
195
952
729
6
919
972
25
51
62
52
52
529
935
6669
952
9666
928
529
555
962
529
952
62
52
52
52
53
259
926
9665
949
952
9666



51
619
62
51
259
925
62
52
5955
951
619
961
61
629
778
951
298
981
61
61
61
61
61
649
952
556
5955
952
51
629
919
961
529
952
52
52
52
52
53
159
9656
196
919
961
639
961
629
963
529
951
52
52
52
52
53
51
6966
951
619
961
619
592
9777
56
951
629
25
25
52
52
53
51
666
649
963
629
558
962
519


961
52
51
62
52
52
53
5956
951
619
962
198
936
9788
66
962
629
51
61
529
952
529
9555
619
9666
819
9666
519
951
619
961
61

25
52
52
52
53
51
666
5966
962
529
952
29
788
9667
9888
961
25
25
25
25
62
6966
963
5595
962
529
952
967
919
558
778
962
51
62
52
52
53
666
649
954
556
62
619
961
529
961
619
973
52
51
62
52
52
35
5956
951
619
961
9556
961
296



52
52
52
52
53
629
9666
639
9559
962
529
76
888

58
926
51
61
269
961
619
961
556
62
529
9555
529
952
9778
936
629
972
51
61
259
925
62
52
5955
916
629
961
619
952



269
51
61
259
925
62
52
5955
951
619
961
967
961
297
962
977
961
25
25
16
52
52
53
269
951
9566
961
629
961
9666
951
619

25
16
61
61
64
159
952
639
9555
529
9666
629
952
2
179
963
51
62
52
52
53
259
926
9666
9556
62
7978
952
5898
962
9555
961
51
62
52
52
53
269
9555
196
962
619
936
51
7978
962
619
961
25
25
62
52
52
53
83
51
6966
9666
619
691
619
952
529
952
62
51
259
952
529
9556
519
9666
819
9666
978
951
819
9666
519
972
51
62
52
52
53
529
9666
9556
951
619
929

67
919
972
529
51
62
52
52
52
359
926
9666
9556
62
489
952
729
6966
519

62
52
52
52
53
259
926
9666
9556




159
9556
629
52
52
52
52
53
51
619
9666
639
961
629
952
19


929
25
51
62
52
52
539
926
9665
9566
529
962
619
888
565
919
981
52
51
62
52
52
529
953
629
9666
519
961
619
952
529
8
951
62
52
52
52
53
259
926
9556
9666
629
778
962
529
951
9888
961
51
61
529
952
529
9555
619
6696
619




25
62
649
61
61
61
61
64
51
629
952
5595
952
9555
951
619
961
619

52
51
62
52
52
53
5956
916
519
919
67
67
9679
962
955
963
16
61
61
61
64
555
62
5956
962
819
677
792
529
952
977
962
51
62
52
52
53
259
926
9666
9566
52
598
962
619
952
9788
961
52
52
52
52
53
629
9666
639
951
529
677
951
619
961
619

61
61
61
61
64
51
556
62
529
66
78
925
839
9555
519
952
16
61
61
61
64
555
539
954
955
961
978
9566
9778
9566
29
951
51
62
52
52
52
359
566
9666
297
962
956
591
977
952
9666
963
51
61
259
952
529
9556
519
9666
296
951
9788
9666
629
952
529
951
51
62
51
529
952
555
619
961
619
9566
819
952
977
962
397
962
16
52
51
259
925
296
9555
519
56
916
519
961
9777
9566
9777
951
51
62
52
52
53
269
9666
729
9556
495
961
529
919



25
51
62
52
52
53
5956
951
619
9666
9588
962
958
916
619
962
51
62
51
529
952
555
619
961
619
9666
9778
963
619
952
529
951
25
51
62
52
52
539
9556
619
9666
629
888
962
819
961
9556
951
51
62
52
52
52
359
9556
619
566
962
9788
9666
988
962
9555
916
25
51
62
52
52
539
925
519
9666
519

556
916
729
951
629
62
52
52
52
52
539
951
9566
56
962
198
972
519
9666
9555
962
51
62
52
52
52
35
5956
951
619
961
9667
929
919
981
7779
962
25
51
62
52
52
529
935
296
9666
9566
951
629
777
925
297
972
25
25
52
52
53
51
6956
961
619
972
395
961
395
666
5
951
52
51
62
52
52
35
5956
916
196
9666
988
962
198
962
9588
951
16
51
259
925
62
52
5955
951
619
952
397
952
988
962
819
962
62
52
52
52
53
259
925
519
9666
519
78
962
977
929
962
529
52
51
61
529
952
555
619
961
619
9666
519
961
529
952
495
949
61
61
61
61
61
469
952
556
62
529
952




159
51
62
52
52
52
539
925
519
961
619
9666
619
952
529
952
819
52
51
62
52
52
529
953
629
566
9666
619
962
198
981
729
961
25
62
52
51
62
52
5955
951
619
9666
619
792
9588
9677
9555
962
25
25
16
25
62
52
5955
951
619
961
619
667
918
977
778
962
25
25
25
25
25
35
666
6966
952
619
778
972
9566
925
629

25
61
259
952
529
9556
619
9566
51
629
555
927
629
961
729
963
25
51
61
259
926
52
529
951
9566
951
819
9666
9778
952
198
964
25
16
52
52
52
539
9556
9666
67
962
9588
962
9558
67
962
529
25
16
52
52
52
53
5956
951
619
961
9556
961



52
62
52
52
52
52
35
83
159
9656
519
983
519
981
9666
951
619
52
51
62
52
52
529
953
6669
961
649
961
619
919
929
777
925
51
61
269
961
619
961
629
974
9556
962
529
951
529
558
962

25
25
62
52
52
53
83
51
6956
951
619
556
919
66
888
916
52
52
52
52
53
629
9666
639
9566
519
952



62
539
51
62
52
52
53
666
555
629
677
962
566




629
25
25
62
52
52
539
9556
619
9566
519
961
529
952



52
51
62
52
52
529
953
519
961
619
666
952
966
961
619
961
51
62
52
52
53
259
951
9566
919
9666
519
952
9777
952
9777
962
25
52
52
52
53
629
9666
639
9556



529
9555
51
529
62
51
259
925
62
52
5955
951
619
9666
629
952
9778
962
9777
962
51
61
259
925
62
52
5955
916
619
961
529
9666
52
529
5
952
51
62
52
52
52
529
935
9656
962
619
667
78
951
495
556
952
25
52
52
52
53
51
6569
951
619
961
529
952
529
952
629
952
52
51
62
52
52
159
935
9666
9556
629
929
952
9778
962
9777
962
52
51
62
52
52
529
953
6669
929
9666
9588
9666
9558
558
929
946
51
62
52
52
53
529
972
5955
961
9666
962




629
25
16
25
52
52
53
5569
951
619
9666



5596
929
983
51
62
52
52
53
269
9666
9566
929
935
297
951
529
952
619
954
16
16
16
61
64
51
556
62
529
9555
62
1
729
961
619
961
51
62
52
52
52
539
951
9566
951
619
962
729
677
962
978
962
52
52
52
52
53
51
6956
951
6696
961
9777
962
9558
961
529
952
51
61
259
925
62
6966
962
549
566
585
777
962
529
951
529
961
52
51
62
52
52
529
953
9566
961
9666
962
619
67
585
929

16
16
61
61
61
469
952
529
56
925
988
962
9885
9666
529
962
25
62
52
52
52
539
983
629
9666
9566
962




629
52
51
62
52
52
35
5956
951
619
961
9666
962
19
952
529
952
16
51
269
961
619
961
629
974
9556
555
952
519
778
951
629
691
16
52
52
52
52
35
5966
951
9666
961
9677
9558
9677
951
9667
925
51
61
259
925
62
52
5955
951
629
951
619
952



269
61
61
61
61
61
649
952
556
259
9556
9788
945
498
952
529
962
51
62
52
52
52
53
5956
951
9666
951
977
961
619
929
888
972
61
61
61
61
64
555
539
9555
62
619
588
951
29
961
529
952
51
62
52
51
62
52
839
9556
519
9666
519
952
978
951
819
981
61
61
61
61
61
469
952
556
269
972
9555
9556
519

778
951
51
62
52
52
52
53
5956
951
296
9666
629
961
9888
951
619
961
61
61
61
61
64
51
556
62
5955



51
5955
951
295
61
61
61
61
64
51
556
62
529
952
519
929
952
529
777
951
52
51
62
52
52
529
953
51
6966
951
519
961
619
961
619
962
62
51
259
925
62
52
5955
951
619
961
519
677
588
9666
9888
961
51
62
52
52
52
359
926
529
9666
966
778
961
9666
915
977
961
51
61
259
952
529
9555
619
9666
819
9566
988
961
619
962
519
929
25
16
25
25
25
53
729
9555
619
961
619
9666
62
72
9555
951
52
52
52
52
53
629
9666
639
9559
972
529
9666
529
919
88
951
52
51
62
52
52
529
953
6669
952
9666
962
619
778
962
39
963
25
61
259
952
529
9555
619
961
619
9666
977
962
977
952
9788
974
51
62
52
52
53
259
926
529
566
666
777
9555
9888
9666
629
952
16
52
52
52
53
269
9555
619
66
6696
6967
915
529



61
61
61
61
64
51
556
62
529
66
938
519
78
558
78
945
16
16
61
61
61
469
952
529
952
555
749
9566
978
954
298
952
51
61
259
925
62
52
6966
962
729
9556
197
9555
51
9556
916
269
16
51
259
925
62
52
5955
951
619
961
297
962
198
952
529
952
25
51
61
529
952
555
619
961
619
9566
19
67
919
558
929
962
51
61
259
952
529
9555
619
666
961
619
962
51
63



62
52
52
52
53
529
983
51
6966
9566
619
962
529
951
529
954
16
52
52
52
53
259
926
529
666
9566
529
972
9588
9566
629
952
62
52
52
52
53
259
951
9666
556
916
295
962
9555
952
649
972
25
51
62
52
52
53
5956
9666
619
962
51




52
25
61
259
925
295
926
9556
951
619
666
951




159
25
16
51
529
952
566
6966
962
529
952
9777
962
9555
926
529
951
25
52
52
52
53
51
619
9666
519
961
619




529
16
52
52
52
53
566
6966
945
529
952
619
973
978
951
529
952
51
61
259
925
62
52
5955
951
619
9666
9788
9566
296



52
51
62
52
52
35
5956
951
619
9666
639
962
9558
928
529
952
61
61
61
61
64
51
629
952
529
9555
898
9566
988
952
988
951
51
62
52
52
53
529
666
9666
629
929
952




629
25
25
52
52
53
159
9656
519
961
619
961




619
61
61
61
61
64
555
539
962
629
555
917
629
951



25
25
16
25
52
53
5956
916
619
961
29
962
9588
962
619
952
25
52
52
52
53
51
6569
951
619
9666
519
962
529
927
619
951
51
61
269
961
619
961
556
62
729
9555
9888
952
519
961
529
952
52
51
62
52
52
529
952
395
566
9666
619
962
51



25
51
61
529
952
555
619
9666
967
962
397
945
729
558
777
951
51
62
52
52
53
529
9666
9556
951
619
929


67
919
962
16
51
259
925
62
52
5955
916
19
666
888
961
966
951
819
951
51
62
52
52
53
259
926
529
9666
9556
962




629
62
52
52
52
52
359
925
519
9666
519
949
9566
629
962
529
972
62
52
52
51
62
52
839
952
83
51
6966
9666
629
952
977
962
62
52
52
52
53
529
972
83
5569
9666
495
9666
978
962
529
952
51
62
52
52
53
6669
9566
556
62




629
951
619
51
62
52
52
53
259
915
9666
667
9556
9788
962
9555
962
955
952
52
52
52
52
53
51
6956
916
629
963
19
962
195
952
519
926
16
61
61
61
64
159
925
529
9556
9556
951
19
777
951
978
951
52
52
52
52
53
629
9666
639
9556
629
952
529
952



25
25
52
52
53
629
9666
639
9566
519
961
52
9778
972
9555
981
25
16
52
52
52
53
629
9666
629
952
529
952
197
962
977
952
61
61
61
61
64
555
62
5956
962
819
677
952
9555
952
51

51
62
52
52
53
269
9666
729
566
962
839
9555
519



25
25
52
52
53
51
6956
961
9666
951
819
962
9788
972
749
963
51
61
259
952
529
9556
519
666
929
951
629
952
197
961
9555
952
52
51
62
52
52
53
5956
916
619
961
529
962
9558
961
958
962
16
16
16
61
61
469
952
556
269
952
529
952
9888
961
619
952
52
51
62
51
62
52
5955
951
619
6696
977
56
78
56
952
729
52
52
52
52
53
51
6569
951
619
9666



62
6966
961
16
16
16
16
64
555
539
555
962
529
877
9556
9878
962
9888
972
61
61
61
61
64
51
629
952
9555
556
919
919
777
962
519
961
25
16
52
52
52
539
926
529
9666
619
588
66
962



25
25
25
52
53
51
6569
951
619
9666
9588
667
778
936
9677
962
52
51
62
52
52
529
953
9666
667
692
529
592
977
9566
195

51
62
52
52
52
539
9556
196
919
9666
629
961
977
925
669
972
62
52
52
52
52
529
935
9656
962
9666
961
29
677
952
519
961
52
51
62
52
52
159
953
619
566
951
619
961
9788
952
9588
961
52
51
62
52
52
53
5956
9666
19
962
619




269
61
61
61
61
61
649
952
529
556
962
9558
981
6967
928
619
961
52
52
52
52
53
629
9666
639
9566
529
588
962
978
952
819
952
25
51
62
52
52
539
951
9666
9566
629
952
619
961



52
51
61
259
952
729
9666
629
56
952
729
558
929
981
977
962
16
51
259
925
62
52
5955
951
619
961
619
962
9777
666
952
52
51
62
52
52
53
269
9555
619
6
961
619
952
9788
951
819
981
25
52
52
52
53
51
6569
951
619
961
9666
961
62



52
51
62
52
52
529
953
629
566
962
197
962
9777
9556
629
972
62
52
52
52
53
259
983
629
9566
666
619
951
9777
962
519
952
25
16
52
52
52
53
5956
916
619
666
925
529
961



51
61
529
952
529
9555
619
9666
819
9666
9778
9556
988
951
749
962
61
61
61
61
64
51
629
952
5595
946
619
951
9778
9555
629
951
51
62
52
52
53
529
9666
9665
961
629
585
9555
295
926
52
52
61
61
61
61
61
469
952
5559
9556
52
51



51
539
25
52
52
52
53
51
6966
9666
529
951
629
951
958
929
667
951
25
16
61
61
61
64
51
529
953
629
952
519
962



16
52
52
51
62
52
839
9556
9556
961
529
555
6
9677
179
972
16
25
51
259
926
52
6966
972
9565
9555
9777
9566
9788
952
9555
962
51
62
52
52
53
259
926
9665
56
961
988
961
629
961
629
951
52
51
62
52
52
159
953
619
566
962
629
951
629
972
978
972
62
51
259
925
62
52
5955
916
619
961
619
952
519
952
9788
916
16
51
259
952
529
9555
619
9666
519
962
19
972
619
972
619
972
62
52
52
52
53
666
649
9556
19
951
519
9555
629



25
16
52
52
52
53
5956
951
619
961
519
676
7
961
978
951
51
62
52
52
53
666
649
954
639
9556
529
952
195
9677
9888
951
25
62
52
52
52
539
983
269
9556
9666
767
9556
7988
962
619
952
51
62
52
52
53
666
649
954
549
9666
9888
9566
988
962
529
961
25
62
52
52
52
529
935
9656
962
9666
952
619
952
61
619

61
61
61
61
61
649
952
556
62
529
588
946
529
951
619
952
51
62
52
52
53
666
649
666
925
558
519
954
297
961
289
981
16
52
52
52
52
529
935
9656
9566
196
929
918
9888
961
619
961
25
25
62
52
52
53
83
51
666
666
529
952
619
951
819
981
61
61
61
61
64
51
556
62
539
55
677
961
9555
961
529

25
62
52
52
52
529
935
25
6966
9566
62
529
878
961
729
961
51
62
52
52
53
259
951
9566
556
951
9777
9666
629
961
39
963
52
51
62
52
52
35
5956
666
962
6966
929
972
72



16
61
61
61
61
469
952
556
259
9555
9888
9666
9777
9555
619
919
16
52
52
52
53
666
649
666
925
558
62
51
529
981
549
929
51
62
51
259
925
296
9666
9656
939
951
9778
9566
198
952
529
962
52
52
52
52
53
269
9666
639
6
952
52
529
952
619
952
529
25
51
62
52
52
53
5569
951
619
961
297
9566
7779
962
978
691
51
61
259
925
295
926
9555
951
956
961
619
952
619
952
639

51
61
259
925
62
52
5956
951
619
962
198
666
951



25
25
52
52
53
619
9556
619
555
961
7977
9666
61
629
778
952
52
51
62
52
52
529
953
6669
9669
962
619



2
159
51
62
52
52
53
259
951
9566
666
962



629
9556
519
51
62
52
52
53
269
9555
519
961
619
962
196
777
55
962
519
25
51
62
52
52
529
935
6669
952
629
5
962
955
925
29
952
51
61
259
925
62
52
5955
951
619
9666
629
952
9778
962
739
962
61
61
61
61
64
51
556
5955
588
961
629
951
679
919
961
619
51
61
259
952
529
9556
519
9666
619
962
198
962
9588
962
529
951
51
62
52
52
52
359
925
519
666
951
619
9666
9778
962
729
972
16
52
52
52
53
519
9556
619
66
961
296
961
529
981
697
929
51
62
52
52
52
35
269
9666
629
952
49
952
397
9566
51
529
25
16
61
61
61
64
51
529
953
9555
951
629
961



25
52
52
52
53
629
9666
639
855
9566
9778
9566
529
951
529

51
61
259
952
529
9556
519
666
961
967
77
951
9566
918
519
962
16
25
61
61
61
61
469
925
629
952
9555
929
78
58
67
951
16
51
259
952
529
9555
619
961
396
9566
9788
9666
9888
9566
619
952
51
62
52
52
52
359
926
9666
962
729
972
696
952
9555
951

51
62
52
52
53
666
649
555
962
529
9779
952
5958
962
519
962
25
25
52
52
53
629
9666
639
961
619
961
295
778
9555
519
952
51
61
529
952
529
9555
619
9666
19
961
977
56
78
56
929

25
51
62
52
52
53
5956
961
9666
962
52



52
71
51
62
52
52
53
259
925
519
666
961
629
929
919
928
9558
954
51
62
52
52
52
359
9556
619
9666




629
9555
195
16
51
529
952
529
9556
519
961
619
9666
519
952
819
916
98
954
51
61
269
961
619
961
629
974
9555
962
9555
962
529
951
529

52
51
62
52
52
53
5956
951
619
9666
629




269
25
52
52
52
53
51
6956
961
619
961
729
973
629
962
9788
962
61
61
61
61
64
51
556
62
529
952
978
925
849
962
9888
962
16
51
529
952
529
9556
519
9666
619
952
549
972
9888
961
819
981
51
62
52
52
53
529
972
5956
9566
629
9666




629
51
62
52
52
53
259
951
9666
66
951
529
961
529
961
619
952
61
61
61
61
64
51
629
952
5595
961
297
951
729
9555
529
951
62
52
52
52
53
259
951
9566
919
9666
988
961
819
962
619
961
51
61
259
925
62
52
5955
951
619
9666
629
963
958
916
519
952
61
61
61
61
64
51
629
952
5595
951
298
9566
197
926
519
952
52
52
52
52
53
51
6956
9666
619
951
297
929
67

888
962
25
25
25
62
52
529
9566
666
619
961
529
951
529
946
198

51
62
52
52
53
666
649
666
925
558
62
51
2



61
61
61
61
61
649
952
556
259
962
988
9556
978
962
8889
951
51
62
52
52
53
259
926
9666
9566
519
939
952
819
961
619
952
62
52
52
52
52
35
83
51
6956
951
619
9666
629



16
25
52
52
53
529
9556
9666
929
9666
51
2
5988
952
619
961
52
51
62
52
52
35
6669
9566
519
9666



629
951
629
61
61
61
61
64
51
259
952
9556
9556
977
952
529
919
777
962
52
52
52
52
53
51
6966
9566
396
961
9788
961
739
972
9666
963
52
51
62
52
52
53
5956
951
619
9666
819
962
729
951
9777
962
51
62
52
52
52
359
951
9566
951
666
898
962
197
962
9677
962
52
51
62
52
52
159
935
9566
919
961
295
961
297
58
67
961
25
52
52
52
53
629
9666
639
6
962
9555
952
29
981
958
952
61
61
61
61
64
555
539
666
925
9558
961
62
1
289
952
519
51
62
51
259
925
296
9555
519
961
9666
558
962
729
972
729
963
51
62
52
52
53
666
649
9556
619
952
619
952
9778
566
919
919
52
52
52
52
53
629
9666
639
56
952
197
9555
519
962
54

62
51
529
952
529
9555
619
9666
62
52
819
936
529
961
958
962
51
62
52
52
52
35
5956
951
619
961
9788
9666
296
952
51

16
61
61
61
61
469
952
529
952
9556
919
961
819
9555
9777
981
61
61
61
61
64
51
629
952
519
9555
9667
961
9787
9555
519
919
16
25
51
259
952
396
9555
519
961
9666
788
963
497
962
977
962
51
61
529
952
529
9556
519
9666
819
9666
519
961
295
963
19
952
52
51
61
529
952
555
6966
9566
29
951
9778
972
9666
952
519
981
25
25
52
52
53
51
666
649
919
963
9556
962
398
952
9885
916
16
25
25
25
25
539
915
9566
6696
619
962
62
639



16
16
16
51
269
961
556
62
5955
9566
9888
9666
51
529
952

25
52
52
52
53
629
9666
639
6
954
988
962
9588
962
529
962
61
61
61
61
64
51
629
952
5595
9566
9888
9556
988
951
819
981
51
62
52
52
53
259
926
529
9666
519
961
61
62



25
51
62
52
52
53
5956
961
619
961
519
677
951
619
888
962
51
61
529
952
529
9555
619
9666
196
972
5559
962
629
961
529
952
25
25
16
52
52
159
935
619
9666
629
951
619
929
952
619
919
16
51
259
952
529
9556
9566
666
888
9666
9887
9566
62
529
919
952
61
61
61
61
61
469
952
529
919
952
529
961
967
58
888
951
51
62
52
52
53
259
926
9665
56
962
529
952
619
962
729
963
62
52
52
52
52
359
9556
9666
962
619
788
962
619
961
529

25
25
52
52
53
51
6956
951
819
9666
619
962
639
972
729
972
52
51
62
52
52
529
953
519
9666
519

961
9778
9566
29
961
25
25
16
51
62
52
539
925
519
961
619
9556
198
962
9555
592
52
52
52
52
53
51
6956
951
6696
962
978
936
629
951
529
962
51
62
52
52
52
539
9556
619
961
619
77
962
519
952
529
961
62
51
259
925
62
52
5955
916
619
9666
629



1
259
25
25
16
25
62
566
649
9556
52



5559
566
952
629
16
52
52
52
53
269
9666
9555
919
961
298
9556
9777
9556
529
952
51
61
529
952
529
9555
619
9666
519
927
819
962
619
961
729
972
16
25
51
259
962
52
539
925
519
9666
619




529
51
61
259
925
62
52
5955
951
619
961
619
952
198
951
629
961
51
61
259
925
62
52
5955
916
396
9556
978
962
619
961
619
962
16
25
25
52
52
53
6669
945
6669
952
529
952
619
952
549
929
61
61
61
61
61
649
952
529
952
529
558
9556
9788
916
9666

16
16
61
61
64
51
556
62
5956
928
519
961
9788
951
9888
962
25
25
62
52
52
539
9566
519
566
916
529
961
988
961
729
952
51
61
259
952
529
9556
519
666
691
619
961




269
16
16
61
61
64
51
556
62
5955
961
988
952
9588
916
629
951
51
61
269
961
619
961
556
62
529
66
9555
289
952



25
51
62
52
52
539
9556
619
566
961
619
929
952



51
62
52
52
53
666
649
9556
39
952
619
952
988
951
297
961
62
52
52
52
53
666
649
954
629
666
955




159
16
52
51
259
925
296
9555
519
666
951
297
9667
629
952
529
952
