52
52
16
52
52
529
9869
936
62
61
889
951
7779
556
88
952
51
62
51
25
269
952
369
961
619
961
8889
916
8559
928
189
951
62
51
25
61
61
61
769
951
8569
952
5789
919
792
619
9779
954
51
26
196
951
829
792
72
64
559
555
7989
9991
9679
179
677
951
25
62
169
691
61
61
849
594
99669
951
5789
7959
9579
984
8889
981
52
16
15
269
952
52
5569
691
7779
99969
58
961
99779
961
6789
692
16
15
529
952
529
963
9969
919
9993
619
778
693
8559
917
7589
952
16
159
926
619
961
61
619
555
777
974
99569
855
951
82
529
916
61
52
52
52
52
52
839
592
7779
666
667
961
619
591
679
915
61
259
592
52
52
52
839
952
99779
592
5669
8959
6979
961
8779
692
52
619
592
619
961
61
9949
691
539
9299
5889
692
5889
766
9879
591
159
962
52
52
53
26
489
952
879
566
9889
692
99559
9579
555
792
15
26
195
926
61
61
619
961
8589
952
5889
952
5779
666


15
295
962
52
53
26
619
692
889
962
789
9966
888
666
792
619
159
962
159
592
52
739
555
952
6779
962
5889
692
8579
952
519
592
26
51
25
52
529
952
839
592
9666
792
729
951
8779
962
619
962
61
259
925
269
952
6559
929
972
6559
927
8889
983
6569
929
939
961
269
951
25
296
916
15
976
916
19
855
99989
891
789
917
99779
981
15
259
926
52
52
81
5669
952
529
592
9666
952
81
52
9949
891
62
51
269
951
829
981
539
6966
519
691
279
792
5889
951
529
962
15
26
195
925
259
926
689
55
961
61
7779
691
9939
952
8789
591
52
52
52
52
539
926
289
566
962
529
777
592
7679
925
6779
962
61
259
952
52
529
981
539
9666
619
961
5559
952
99589
925
955
692
16
159
925
259
926
52
5559
961
529
952
52
52
52
52
83
52
16
15
529
592
197
792
72
539
555
555
952
52
195
962
52
52
26
51
529
691
61
61
7589
995
961
819
99959
928
479
692
879
972
51
52
52
52
519
692
5669
927
956
952
9777
92
3999
855
99989
951
269
952
15
259
926
52
839
592
9666
928
5679
972
72
729
558
592
15
296
915
295
926
52
819
555
7
962
789
9299
49
995
78
915
16
52
15
61
61
61
479
961
379
945
5789
952
179
656
919
961
25
61
269
961
61
619
9589
951
679
691
5789
925
589
591
9929

51
62
52
52
53
26
859
926
6679
916
7779
566
919
676
99969
961
269
951
52
61
619
691
9949
961
619
952
839
917
977
594
8889
962
16
25
52
52
53
26
629
961
289
592
769
667
878
962
7789
592
61
259
925
529
972
81
539
961
529
666
928
966
691
61
619
9399
16
159
961
82
52
17
72
6559
99959
691
5889
6955
6789
692
729
972
15
61
259
925
269
952
5559
917
729
961
689
592
9777
92
6779
974
61
52
52
52
52
52
9919
9659
9789
983
16
629
949
9992
7779
691
51
62
51
259
926
52
8679
961
839
656
858
9992
839
666
888
891
25
15
26
52
52
53
629
666
8989
592
529




52
25
16
61
82
15
62
529
952
19
961
9667
918
639
981
6679
691
62
15
25
25
295
962
819
555
7979
962
7589
692
99889
936
9555
962
26
51
52
52
52
52
689
983
519
666
592




52
16
15
295
952
529
655
691
52
529
792
729
981
729
667
9579
917
25
269
915
259
925
269
7959
9559
692
529
787
928
839
9666
295
692
16
159
952
529
952
639
959
566
929
972
479
935
8889
981
5669
792
62
15
25
295
926
5559
691
61
28
81
6789
972
819
592
83
159
25
52
52
52
539
962
7569
961
297
692
196
919
9589
919
777
974
159
592
529
592
169
963
259
692
99789
9966
588
555
9589
962
819
792
51
62
52
52
53
269
699
962
619
666
961
61
82
729
691
619
52
619
592
52
52
529

592
729
983
6679
691
7579
917
7889
972
26
159
952
52
52
81
6569
692
6579
961
7579
92
589
692
8889
592
52
61
529
952
529
952
839
9966
961



269
666
9669
981
159
926
159
961
829
793
729
666
919
691
9555
591
629
917
62
619
16
52
52
52
53
62
489
952
99669
962
7789
962
9677
9955
9779
592
61
529
952
529
592
52
498
936
629
99969
6989
952
8779
952
7779
952
62
15
295
926
52
6669
919
691
6779
951
8789
555
777
655
952

159
961
269
951
829
937
72
5559
691
619
555
792
189
891
49
952
16
159
952
529
952
639
99959
962
4999
952
529
692
6669
951
259
961
62
15
259
926
15
9555
961
529
939
592
5589
939
8969
962
498
592
26
159
592
529
952
81
5669
692
379
655
929
962
7779
962
8589
962
269
915
259
926
619
961
49
691
3999
952
849
951
7589
916
7679
972
62
52
52
61
61
619
949
961
189
951
6779
919
979
656
8989
951
25
52
52
52
369
962
99579
592
8669
691
8589
692
7779
962
8789
972
62
159
592
529
952
81
5669
962
889
983
759
565
778
952
7579
952
15
269
915
25
269
952
839
9666
629
691
8889
961
529
952
549
591
159
952
619
952
52
9939
656
691
7789
951
7679
691
3999
691
619
691
15
62
16
51
82
397
555
962
6669
961
297
981
6559
88
952
529
269
915
295
592
52
52
839
566
691
61
8789
916
9949
952
529
951
52
169
915
296
915
52
9556
558
777
555
777
962
8889
952
7779
692
62
159
961
82
52
81
539
666
929
962
529
866
979
951
529

62
15
259
592
729
981
539
555
916
529
6959
692
5889
962
52
71
16
25
52
52
53
26
498
556
961
52
8789
952
629
952
529
592
159
926
52
52
52
5559
9769
962
529
962
8789
972
6889
936
629
962
269
915
529
961
61
619
949
961
398
656
799
951
99679
969
677
962
62
159
592
52
529
952
839
566
961
729
949
925
8889
962
5559
951
16
52
52
52
53
62
649
666
961
819
777
555
9889
919
665

15
25
26
619
691
619
929
961
3999
856
899
691
889
961
2999
592
62
52
52
52
53
25
629
691
99889
983
169
655
919
972
72
729
269
952
159
925
26
52
649
692
5779
925
6889
591
99789
929
8
962
159
952
52
52
63
52
639
666
972
52
99889
691
859
951
7779
692
16
25
26
61
61
619
888
915
5779
981
53
555
195
691
7789
981
26
159
592
529
952
52
489
952
369
92
529
962
8579
592
8559
692
52
169
951
259
925
62
839
592
819
66
929
9967
9889
9669
788
952
61
529
952
52
529
952
839
566
691
529
558
591
819
891
5669
972
26
195
952
529
952
529
9759
691
7669
918
1999
929
5979
94
99779
972
15
52
619
592
529
939
556
919
7969
566
952
1
489
929
592
529
51
25
269
952
169
952
589
692
589
962
7779
692
8889
951
5779
952
269
915
529
792
81
539
655
6955
6779
592
9989
666
888
951
619
691
51
269
952
52
52
369
9859
929
8979
566
929
952
955
981
6559
961
15
26
52
52
52
36
498
99959
961
529
592
749
972
72
72
71
269
915
259
926
52
52
396
592
8569
952
8559
952
159
952
529
952
62
159
952
52
52
9655
961
61
72
52
6669



159
951
269
952
16
51
82
81
53
62
5669
555
962
52
619
981
819
981
269
951
26
619
691
619
8989
981
9555
691
519
981
889
962
789
952
52
61
52
52
52
529
919
983
169
566
952
719
962
72
62
529
61
259
952
52
52
52
839
952
779
952
9566
85
7969
961
9777
692
269
952
52
52
52
539
9999
929
777
981
539
9656
7779
655
952
52
16
52
16
619
961
619
949
961
749
99559
8889
566
961
61
619
691
15
296
952
159
925
5559
9779
962
379
925
879
952
9555
929
677
952
62
15
296
691
619
691
849
555
592
52
749
691
99889
974
7559
792
15
296
916
619
961
61
619
591
8559
692
8789
591
5898
691
889
591
159
962
15
25
269
952
839
959
656
918
519
692
99559
9589
961
25
52
51
62
52
52
369
9859
929
666
952
719
691
2999
961
61
619
62
52
16
61
619
691
849
9555
529
691
7889
962
99779
894
7889
691
61
259
925
26
619
691
5589
555
691
62
8889
962
5889
962
529
592
52
15
269
952
52
529
939
691
7598
592
789
655
778
952
169
592
16
52
169
691
619
691
619
591
497
961
9556
9199
9929
691
619
691
15
62
52
52
53
259
9999
919
961
529
555
692
639
792
729
961
25
269
961
81
52
81
539
962
529
666
972
619
787
962
529
939
25
269
915
529
972
81
539
592
66
52
9969
692
8779
592
955
962
269
951
52
52
529
592
839
592
7779
5966
8789
666
929
961
729
961
52
61
52
52
529
952
839
566
961
61
7789
592
99779
691
559
952
25
26
52
52
52
5559
7969
962
529
962
8789
972
7589
939
9999
983
269
915
295
592
72
81
539
5966
7669
691
789
951
977
9566
9919
592
51
26
159
592
52
9565
961
62
189
592
749
972
72
83
529
691
25
62
159
952
52
529
9579
5969
961
729
888
666
888
669
196
691
269
951
259
925
25
296
9689
961
81
629
678
961
629
951
8779
962
26
52
159
926
15
529
655
962
789
929
9889
893
7669
962
7889
962
52
16
619
891
529
793
9555
692
398
5569
7779
962
9929
929
858
9992
25
61
26
619
961
619
6
951
8589
951
8679
691
7679
961
879
925
51
62
51
529
972
539
666
951
6789
952
7779
9566
579
961
789
794
15
61
259
925
296
952
369
691
5889
961
7889
936
7779
556
691
619
52
52
52
52
369
962
869
592
489
6966
19
961
7789
962
8779
974
159
952
52
529
916
369
939
962
739
925
8559
592
8589
916
859
691
15
26
159
925
26
52
569
929
678
691
7779
926
74
555
8889
692
51
61
269
691
619
961
849
555
981
61
298
962
977
952
8889
963
159
926
52
52
52
36
629
964
9677
592
99789
951
99779
9555
2999
952
61
25
25
269
961
619
9999
691
619
555
777
5955
19



269
951
529
952
52
52
6569
691
8789
961
729
952
977
692
72
74
269
951
259
952
72
81
539
6966
519
555
929
592
52
52
17
619
61
529
592
52
52
81
539
591
629
692
967
927
5789
691
6779
961
25
26
195
961
82
81
6559
962
5569
692
5589
962
819
972
519
792
61
25
296
961
61
61
955
952
7579
961
7679
591
99889
555
891

16
159
925
52
52
639
9869
691
819
6969
952
71
7889
6956
7779
974
25
62
15
61
61
61
479
945
669
928
5889
692
5789
972
8889
919
51
61
529
952
52
36
359
962
8669
592
529
962
498
692
397
692
25
61
26
51
82
81
5569
692
839
9555
629



1
62
62
159
926
61
61
549
929
961
259
929
578
592
99589
92
889
983
26
52
52
52
52
539
699
692
629
952
829
592
529
592
529
592
25
269
915
269
915
529
9869
952
779
926
8589
666
952
6789
7979
951
16
15
259
926
61
619
55
929
949
592
529
592
7779
972
4999
972
25
52
16
51
25
5559
9779
692
72
6559
962
52
539
972
729
972
62
15
52
52
529
981
6569
982
279
915
7579
9569
588
692
559
962
159
961
52
52
52
396
9999
691
8889
666
877
972
6889
972
559
952
51
269
691
81
52
72
72
54
5559
995
952
52
9919
692
195
928
51
25
26
52
52
529
6989
936
8579
962
6779
692
8889
953
977
691
15
61
269
961
61
61
619
974
99559
982
5589
9991
298
951
5889
952
25
269
951
529
972
81
539
963
529
669
879
9299
6789
9992
8789
962
61
52
52
529
592
529
919
983
719
9666
519
952
729
691
8789
692
16
51
259
926
196
915
61
61
529
961
7779
952
99889
952
779
794
51
269
952
52
52
369
951
62
8589
962
5569
77
558
691
8889
962
51
269
952
52
53
26
629
952
9989
952
189
952
6669



15
61
26
619
961
619
949
961
749
556
919
961
8589
692
549
918
159
926
169
951
829
793
729
592
9556
961
99889
692
789
691
8779
951
52
52
52
52
539
926
298
656
767
961
297
566
961
619
929
592
16
52
52
52
53
5569
961
529
949
692
9919
8
9779
952
889
952
61
25
25
25
259
926
579
9955
961
61
289
972
8889
936
619
961
62
159
952
72
81
53
5569
692
6569
952
61
52
74
61
61
62
26
159
925
269
691
619
9967
951
519
691
99889
594
289
962
8889
983
159
592
529
592
63
52
639
666
929
951
769
963
189
951
6559

61
259
925
269
916
195
99979
961
967
591
5589
928
7559
9992
559
691
16
159
952
529
952
639
99959
656
961
295
9889
927
8559
925
629
952
62
15
25
52
52
52
839
9666
729
692
9959
9199
9949
9399
559
951
15
61
529
691
61
619
855
962
619
66
951
81
529
981
819
792
269
915
296
691
619
961
9556
9991
9979
961
8889
5955
6889
962
8779
692
159
962
169
961
619
961
619
656
919
979
887
9566
159



51
529
961
52
73
72
729
954
5559
5
691
61
5889
592
789
916
15
52
61
52
52
39
656
691
9767
9992
5889
919
778
972
6569
928
61
529
592
529
952
52
839
566
691
61
279
925
529
558
935
629
52
619
691
619
691
61
569
951
977
983
7579
945
889
925
297
962
25
52
52
52
539
926
869
9399
8569
592
529
952
519
962
5589
962
15
295
962
52
53
26
869
9559
961
529
952
749
7989
592
8789
972
51
52
619
952
529
693
2999
691
993
6679
9889
693
619
939
8989
692
15
296
951
52
52
639
58
56
961
61
8889
692
6559
92
5589
962
52
169
951
269
952
52
5569
9967
929
919
77
9299
7789
5569
7669
954
15
26
159
592
72
729
972
5559
666
866
952
16
19
592
9919
961
25
25
62
52
52
539
66
962
8679
692
7789
692
7589
945
8589
962
159
961
269
961
61
619

961
6889
946
9989
5959
858
692
7779
591
15
269
961
81
529
952
3999
592
819
9666
197
766
919
952
819
592
25
52
52
52
53
269
777
555
962
529
77
962
619
929
78
962
61
529
952
619
961
619
8969
691
7679
945
879
555
919
691
7779
951
51
529
691
52
52
369
9759
55
691
529
788
691
6789
925
5559
962
269
951
529
952
52
52
397
567
691
61
9989
962
789
951
99889
592
25
26
159
961
82
81
539
6669
195
856
6989




629
62
51
259
926
196
915
61
6669
952




159
555
961
25
16
15
295
926
5559
7959
566
692
52
619
758
918
52
159
962
159
962
52
52
53
5559
766
692
7889
666
9977
952
99559
592
529
973
269
915
25
529
792
51
49
952
529
983
159
6669
889
962
8559
591
51
25
269
952
52
52
819
693
9666
691
61
99779
592
83
819
592
25
269
952
52
52
53
839
929
655
962
519
692
8559
691
8789
951
52
619
961
61
61
61
619
9555
8589
9992
49
929
888
983
5669
952
62
15
25
26
159
952
9979
925
6889
952
839
966
99779
962
729
961
269
915
52
619
691
61
9949
691
529
961
6789
951
7779
954
7579
948
16
15
269
691
61
619
939
794
659
951
8559
951
529
691
52
52
159
926
15
269
952
52
6559
6977
1999
9299
6789
919
9977
961
529
951
16
159
952
729
972
555
289
5659
197
591
519
891
7669
691
8579
952
26
51
61
82
52
81
539
666
951
61
279
972
5889
951
529
962
62
52
15
269
916
195
577
961
619
91
298
952
8789
656
877
947
16
159
926
619
961
61
619
591
479
691
6559
919
858
918
7589
951
52
619
691
619
961
61
379
945
5559
962
8889
9666
8889
566
588
92
62
15
25
26
52
5559
7969
962
6789
555
928
1
559
929
891
52
61
259
926
619
691
619
9955
691
6679
9759
888
952
9989
8959
952
179
52
159
926
52
52
369
755
692
739
556
929
692
1999
792
5589
692
52
52
52
52
539
926
298
656
962
519
777
692
819
556
592
52
26
159
952
61
619
691
759
691
7679
591
99789
556
7979
951
5779
591
61
25
269
961
619
954
6789
591
5779
691
869
555
592
198
9779
592
51
52
52
52
63
63
6889
961
7589
962
619
93
769
952
729
792
51
269
915
52
729
937
729
9555
9555
9669
962
72
72
5559
961
619
16
15
269
961
619
961
619
5559
8789
981
619
952
8779
9992
7889
952
26
52
52
15
296
952
589
983
99579
6969
972
619
9779
961
9979
691
269
952
52
159
926
5559
691
529
792
61
8789
916
889
592
99779
962
26
159
952
619
961
61
4999
691
9939
961
298
5559
2999



15
296
961
81
52
73
729
592
9555
5
5
925
958
951
9939
961
61
52
619
961
619
961
619
656
952




16
82
629
16
159
592
529
917
72
72
539
555
961
519
959
5979
691
62
72
52
159
962
52
52
6559
9779
952
839
9666
777
5669
951
829
936
61
52
16
15
25
26
5559
691
61
72
61
729
961
729
691
29
691
51
52
52
529
963
52
7669
566
961
7679
919
691
9777
925
169
961
269
915
26
61
61
61
5569
961
8789
591
8589
591
519
962
179
962
52
52
52
52
539
926
9777
555
962
529
7979
927
279
692
359
692
52
52
16
52
52
369
995
692
5589
929
855
962
169
962
159
962
25
62
159
952
529
592
839
6669
9979
691
8789
691
8789
926
556
619
269
915
295
592
729
981
53
566
259
592
869
592
789
961
8789
951
61
259
926
61
61
619
556
9991
7679
951
7579
591
7669
918
196
691
26
51
269
961
619
954
749
951
9929
961
519
592
8779
954
9989
594
51
259
962
52
52
369
9589
929
666
952
71
99559
928
529
951
61
269
951
25
26
195
926
51
62
619
592
8889
556
929
99959
929
793
269
915
529
972
81
539
655
691
99889
691
62
619
5959
678
588

51
529
592
529
951
62
6569
927
739
693
297
691
589
917
8559
592
51
52
61
529
937
729
792
9555
556
691
279
92
5889
692
529
592
52
619
691
61
61
61
6569
691
629
917
62
519
56
8889
9677
951
62
159
592
72
81
539
655
691
5889
961
99679
691
529
952
519
592
62
51
25
269
952
52
6559
9679
929
969
899




1
15
62
52
15
26
52
589
692
839
9666
8889
692
6779
92
8589
592
61
52
529
592
52
52
839
566
691
529
919
592
529
592
839
961
159
926
52
52
53
26
629
961
859
9992
589
929
9689
929
9559
792
16
15
269
916
619
961
619
591
497
961
9556
9199
29
591
696
591
16
25
52
52
53
26
8669
952
859
962
967
961
619
692
9919
961
51
52
52
529
693
639
6989
9559
961
529
952
529
995
692
589
962
26
159
925
529
792
81
53
9555
678
951
619
7969
918
99559
7
952
15
62
169
951
25
529
939
951
279
972
529
893
819
692
198
951
15
296
915
25
296
952
389
856
952
529
767
962
8789
952
99559
972
62
51
259
952
52
52
839
666
888
9666
8889
692
6779
961
2999
691
159
926
52
52
52
369
9859
929
9966
917
297
691
589
9967
592

269
951
269
951
829
592
169
952
849
983
169
666
918
6559
592
52
16
52
52
159
926
5559
691
61
7779
962
9677
592
8889
691
669
9199
269
915
25
259
926
52
649
592
8679
962
779
925
279
5956
9777
692
62
15
529
691
61
619
55
592
729
691
539
691
29
691
819
981
25
16
26
61
61
61
849
951
459
691
9677
951
977
555
788
591
15
296
916
619
691
61
619
656
952




25
519
952
15
296
915
259
926
5559
961
62
189
972
649
65
952
72
8889
964
159
926
51
259
926
52
839
952
5779
556
877
566
858
927
519
962
26
52
15
61
82
81
539
666
591
61
8889
691
6769
926
619
691
61
529
952
52
529
981
6569
962
889
893
5659
592
19
961
529
952
159
592
619
952
52
9556
776
952
739
962
8679
93
99789
929
9689
591
52
619
592
52
52
83
6559
591
529
972
99559
691
99559
972
529
592
26
159
925
26
61
619
949
691
99579
939
9889
954
629
655
929
952
51
61
26
61
619
961
849
974
829
981
9566
656
9759
891
967
591
52
52
52
52
539
926
619
692
8589
952
6779
692
759
961
729
792
62
52
15
61
61
61
479
945
549
952
589
927
679
927
298
961
15
295
926
619
691
61
729
961
9555
961
6779
981
789
974
649
591
159
926
159
925
269
952
369
691
819
692
9677
953
977
9955
777
948
52
15
26
52
52
52
389
6669
8579
952
8559
692
99559
972
5589
981
269
915
52
61
61
61
8889
972
9556
591
7779
699
949
592
7889
691
51
62
52
52
53
269
9999
9559
961
62
489
952
8589
6966
2999
952
25
52
16
51
27
72
719
981
5559
556
691
52
789
916
8779
952
52
619
952
619
691
619
855
692
689
952
9777
962
629
559
99779
972
25
25
26
619
961
61
549
592
4999
952
6889
592
5889
962
529
981
61
259
925
295
925
269
5979
961
99889
691
9666
952
889
592
619
952
52
51
61
529
592
639
9859
962
179
592
779
5669
7889
6966
8889
692
269
915
52
529
952
81
6569
692
99889
6969
961
52
99779
951
7779
963
51
62
52
52
53
629
666
9299
5789
962
5889
766
919
891
8779
951
62
159
952
52
529
916
8779
972
9959
981
6669
961
6889
591
8889
935
62
52
16
61
61
61
849
594
9919
954
529
949
777
9656
9555
961
269
951
529
952
529
952
379
567
961
619
929
929
7979
974
7589
9299
52
169
952
52
53
269
99959
692
529
952
559
981
529
691
61
63
15
296
951
26
159
592
9556
558
777
692
8589
918
7679
5559
99789
691
62
52
159
926
61
61
61
51
49
592
179
9966
66
588
919
691
25
62
52
61
61
619
949
9559
952
729
77
961
398
952
8779
591
159
925
269
952
52
52
3999
6969
599
9992
5889




2
61
25
529
952
529
655
961
62
74
25
779
916
7679
974
719
925
62
159
592
729
981
53
639
592
5669
692
819
5959
962
789
952
61
62
159
925
52
72
81
539
693
529
952
529
962
529
792
955
692
26
52
52
159
926
52
859
962
629
952
889
973
689
983
7679
951
51
62
16
61
61
61
619
555
777
919
888
981
498
963
8679
92
61
25
259
952
529
952
839
952
9655
952
7779
691
7789
952
967
961
61
52
52
529
952
52
839
5966
5589
591
9939
981
539
656
656
792
15
529
952
529
916
396
899
592
9666
99969
972
52
9919
952
619
961
52
619
592
52
529
952
839
699
9859
92
6679
928
7679
952
6779
792
26
159
592
52
52
529
9999
9569
961
729
972
549
777
972
479
962
62
52
16
619
961
61
99889
981
497
5955
629
9569
8
952
7889
951
159
925
62
61
619
961
49
691
395
592
729
592
629
952
52
51
25
26
51
52
72
81
539
693
619
691
529
767
778
555
929
9992
61
52
52
52
52
52
839
592
7779
5966
629
952
719
961
729
961
52
169
952
52
53
5569
9967
692
5779
555
928
991
955
592
529
952
25
62
159
926
52
52
669
9966
961




169
918
51
25
269
952
52
52
53
498
935
719
6966
529
952
5589
952
819
981
15
296
952
52
52
369
699
692
8589
9966
788
691
7679
567
939
961
16
52
169
961
619
691
397
945
179
691
99889
555
777
555
919

16
159
952
529
592
63
639
962
3999
691
297
962
9777
952
7889
9992
62
51
52
529
952
529
7959
983
719
691
298
693
779
755
692
52
26
159
952
529
952
529
919
983
169
9669
972
1999
588
556
929
952
15
259
926
52
52
36
529
9666
7889
962
977
591
2999
961
3999
961
51
61
259
952
529
937
639
555
6979
592
779
952
189
7966
8559
592
51
62
52
52
53
629
566
927
619
995
952
179
929
972
61
619
52
619
952
52
52
81
6569
692
99679
692
379
9669
778
555
919

25
61
529
952
52
81
539
656
766
952
8779
692
99789
9655
977
962
26
159
592
61
61
61
519
592
6789
952
73
295
917
63
869
592
62
52
15
259
926
52
839
592
839
6966
529
58
899
927
5569
962
15
61
52
72
72
619
945
6559
676
666
961




52
16
51
259
952
52
639

961
8889
693
779
566
677
917
5889
691
62
159
952
52
52
81
539
951
769
9555
9778
929
7959
699
919
952
62
52
15
529
592
529
9869
893
519
655
962
51
629
972
729
972
51
269
952
15
296
952
839
952
9989
6569
9929
9689
877
556
962
52
25
159
926
52
52
53
6579
692
769
692
9939
916
619
691
61
619
51
269
951
259
926
52
369
691
5889
961
7889
952
559
972
9556
962
159
961
269
961
61
61
489
974
829
5559
529
961
849
952
8789
592
26
52
52
52
52
53
839
929
592
6559
962
619
592
629
592
639
25
62
15
269
915
52
7569
961
8789
928
379
981
53
619
77
691
269
952
51
61
82
81
539
692
6569
692
99889
655
778
666
578
592
15
529
952
529
693
62
529
952
5589
592
955
927
9555
927
62
63
15
26
196
951
829
972
72
555
619
691
8889
961
5559
952
52
71
159
592
529
592
169
936
639
691
62
52
7977
691
9666
92
729
961
62
159
925
269
952
52
619
592
879
951
8779
555
919
952
6669
952
61
529
952
529
952
52
839
566
961
52
729




25
61
529
592
619
691
619
949
691
529
961
579
588
777
555
961
298
61
259
592
529
592
52
9777
972
8569
981
7559
936
769
962
7679
961
62
15
52
529
952
81
539
6966
619
592
198
692
789
962
9666
936
25
26
195
925
296
952
859
9659
961
61
5559
972
72
359
592
61
16
25
159
961
61
61
8589
972
83
296
939
961
8789
591
778
52
62
15
269
916
61
61
549
691
589
952
8889
919
5989
591
819
973
51
259
926
52
52
36
629
592
6789
655
877
566
919



52
619
952
529
952
52
99579
952
839
9666
8789
962
7679
591
2999
952
15
25
296
952
52
36
869
9559
691
61
7779
5955
82
52
539
962
16
51
259
952
52
397
555
952
6779
925
9989
592
529
926
629

61
25
295
925
296
952
6579
691
8889
952
839
666
777
592
7789
952
269
915
26
61
619
954
749
591
2999
691
519
952
9777
656
888
954
159
962
52
52
53
26
759
961
6779
692
9677
592
8889
6955
7569
962
159
962
15
296
915
529
5989
962
529
666
919
78
919
952
9929
952
15
269
952
52
53
269
9689
592
4999
952
179
56
877
691
779
592
62
51
61
82
529
981
53
62
6569
692
7589
961
9777
556
777
94
26
195
925
25
296
952
649
592
9979
691
9989
962
99779
556
888
952
52
52
169
952
52
369
6969
92
3999
558
959
929
858
799
5979
961
52
619
952
52
529
592
839
592
6559
962
7779
962
8779
692
519
962
52
169
916
51
829
937
729
592
9556
961
5889
666
588
962
729
918
51
26
52
52
53
26
619
692
289
666
919
8989
788
692
8889
962
52
61
52
52
52
52
839
566
691
52
52
71
649
929
972
729
16
159
926
619
691
61
3999
794
9555
917
8559
919
888
693
769
962
25
26
15
52
529
952
839
566
961
529
592
52
529
961
529
592
16
51
259
961
61
61
459
952
869
691
7779
962
729
9994
19
918
62
15
295
925
259
926
839
655
961
52
7789
925
7589
952
9555
691
61
259
926
619
961
619
55
592
849
952
859
592
99889
951
9979
691
51
269
916
61
619
961
6569
951
289
961
82
1
839
961
819
591
269
915
296
961
619
594
749
961
61
669
951
559
981
819
981
819
52
169
951
52
72
53
6669
951
6789
891
7569
962
5789
792
7889
972
15
26
51
529
972
53
9665
961
8589
691
99789
925
529
592
619
952
16
15
61
829
952
179
972
53
5559
865
691
52
52
52
529
692
159
925
269
952
52
36
629
694
5889
9659
691




619
62
52
52
52
53
26
489
961
679
961
8889
951
529
692
8559
692
16
52
52
159
926
5559
961
61
889
656
972
71
82
819
972
529
26
15
52
529
592
52
839
566
691
529
949
927
749
961
8889
951
61
529
592
529
952
52
839
566
691
729
666
961
29
952
7779
952
26
15
269
691
61
619
5989
951
496
952
5779
692
8889
592
779
951
16
15
25
259
926
52
639
666
961
679
961
819
929
891
519
891
61
52
529
592
52
52
489
952
739
9666
7779
692
72
519
7989
92
26
195
952
619
961
619
591
6669
961




169
928
529
61
529
952
52
529
655
691
529
972
62
498
972
479
6569
9777
691
159
926
196
951
82
37
729
5559
619
961
289
951
889
9666
729
952
52
61
52
61
61
619
588
962
8589
962
629
962
99779
691
8889
951
159
962
52
61
61
619
951
6669
691
519
929
952
769
918
7669
951
25
26
15
259
925
26
859
9659
961
61
5559
952
9919



26
159
952
52
529
952
489
936
6669
9556
61




529
61
259
961
82
52
81
539
691
659
666
9779
9569
952



25
62
159
926
61
619
691
519
949
691
99889
954
749
691
779
984
25
26
195
925
25
269
7959
5959
691
61
7789
952
7779
952
819
961
51
529
691
52
739
972
72
5559
665
591
9777
962
6779
929
99989
592
51
61
529
592
379
972
72
54
5559
656
691
6779
77
961
9666
951
25
15
269
952
52
539
9669
592
7679
952
977
592
8889
567
78
962
52
52
52
52
539
926
289
566
692
6559
929
919
99969
792
72
73
16
25
52
52
53
81
5669
961
619
952
8559
692
8889
591
529
952
62
15
259
592
529
952
839
566
961
729
777
666
888
592
5679
592
51
62
16
61
619
691
579
9555
7779
555
961
82
5779
918
977
951
51
26
51
61
82
74
72
666
619
692
8559
961
5779
92
579
592
52
16
169
951
82
397
972
6669
556
952
489
952
579
952
8579
592
61
259
925
259
925
296
9759
9955
961
529
952
619
929
974
629
972
269
952
16
51
82
81
539
556
952
729
7979
692
7679
5959
777
951
159
592
619
952
529
93
639
5959
691
52
99559
962
8889
792
5579
952
62
51
529
592
529
592
498
936
9989
952
629
969
767
952
529
592
16
25
16
51
82
72
539
592
9666
961
5889
927
5589
592
52
519
52
61
529
952
52
52
839
666
962
619
777
953
779
794
6559
961
25
25
26
52
52
52
839
566
961
529
949
592
529
692
529
952
159
925
26
52
52
369
556
929
9879
556
855
962
52
169
691
619
159
592
529
952
639
693
298
952
5559
9956
878
916
5589
961
539
952
52
159
926
52
52
529
939
691
5798
952
99789
565
778
592
196
952
269
951
52
52
52
529
9759
939
8
567
952
729
8
936
7779
972
61
52
529
952
529
983
5669
691
99579
927
769
962
8589
962
99889
962
15
61
259
592
529
936
389
995
692
529
767
692
7889
693
879
962
15
296
952
52
53
269
7959
961
7889
961
8779
556
929
919
9889
592
159
926
52
52
52
5559
67
962
7889
927
396
6969
972
529
877
962
51
52
529
592
639
952
519
996
961
52
52
52
52
83
81
81
26
195
592
529
952
52
839
566
691
529
919



2
52
269
951
259
952
529
952
839
656
961
52
789
929
9889
919
677
952
51
529
592
52
51
62
6569
961
7789
951
7779
936
749
925
977
929
62
15
296
961
619
954
549
592
529
592
977
925
7779
891
5889
952
26
159
952
52
52
9655
691
529
972
72
479
961
99779
952
47
74
26
159
925
269
916
159
961
61
61
955
961
619
691
297
928
749
16
25
159
926
52
52
5569
961
7889
691
29
7969
8959
9955
919
962
15
61
259
592
72
37
72
555
5569
691
99789
962
8589
667
9789
692
62
15
52
52
529
981
6569
692
889
983
9565
951
99569
952
159
962
269
915
295
592
529
952
839
592
9655
962
52
63
619
952
619
952
52
52
52
52
53
296

9569
691
529
949
927
8889
916
5779
592
15
259
962
52
53
269
996
919
981
529
767
691
6789
963
7579
794
51
529
952
52
63
52
519
692
99779
692
779
692
879
945
8589
981
269
952
15
269
915
529
577
925
9989
952
839
691
9677
691
9959
692
159
925
269
952
52
369
755
692
7679
691
3999
592
889
594
589
591
159
961
529
691
619
691
379
945
99589
692
7789
555
777
555
928
529
269
915
296
961
619
555
929
963
2999
92
7789
591
5789
692
6779
952
26
51
26
61
61
61
849
9555
529
691
9777
592
8779
555
888
592
26
159
592
529
952
52
839
566
67




6669
919
981
16
25
15
269
916
15
61
52
7679
666
6966
51
379
792
8669
951
51
61
269
961
61
619
974
5559
6989
952
179
699
691
61
52
61
15
269
951
529
592
396
9589
56
691
61
8779
792
197
692
6779
952
62
52
159
952
729
981
539
963
5579
926
99589
962
99789
962
619
961
159
962
15
269
952
52
669
9669
952
619
929
591
52
54
295
9299
51
269
952
51
269
952
839
555
592
62
52
9919
9759
7969
951
529
159
961
52
52
379
792
729
9555
6569
555
952
519
929
981
81
729
159
961
269
961
619
691
489
5559
9919
766
961
81
51
819
981
81
269
951
25
61
61
61
519
592
9667
974
81
966
9759
9967
866
961
16
15
529
792
72
55
529
6966
619
952
5589
9879
8989
918
519
692
52
16
52
52
52
36
629
592
7679
962
789
962
8589
566
878
927
25
62
51
52
72
81
539
963
9555
972
5779
555
777
926
1999
961
26
195
926
61
61
61
849
5559
529
952
779
962
7889
954
889
691
25
15
269
952
52
53
6579
9955
929
961
99789
692
5669
799
788
961
16
159
925
61
61
61
5779
961
397
945
529
55
9977
919
656
952
62
15
259
592
72
81
539
952
9666
962
179
692
679
925
6669
961
25
61
26
619
961
61
849
954
7569
555
961




519
26
51
25
25
25
26
869
961
779
969
961



1
629
51
26
159
925
269
952
369
951
5779
5955
29




269
16
52
52
52
53
269
9966
961
6779
951
819
592
9777
655
877
974
61
259
925
26
52
5559
67
962
8679
962
779
952
7789
951
6779
592
15
26
195
592
529
963
8569
962
6679
925
769
961
619
691
619
961
25
62
619
981
529
981
5669
961
61
719
7969
951
7589
9299
8889
951
16
25
25
269
915
52
9979
925
7579
656
919
962
1999
952
7789
692
62
51
529
691
619
961
379
945
6569
951
7889
961
8789
9655
7889
962
16
51
259
952
52
36
389
655
961
52
99889
925
99559
9199
529
952
51
62
52
52
53
62
649
666
792
1999
9779
555
961
529
888
961
25
159
926
52
52
539
567
962
99889
9966
691
529
919



52
169
952
159
926
52
839
856
691
61
829
962
99889
916
7889
591
15
269
951
52
72
71
72
539
555
692
169
592
9677
962
8789
591
51
269
952
15
269
952
6579
952
529
666
919




2
51
269
951
529
592
9556
961
62
71
62
5779
915
9949
919
58
591
15
529
592
529
592
16
869
666
981
52
729
792
8779
935
196
591
159
961
52
529
592
369
9579
9559
961
61
269



2
529
51
269
952
52
53
5569
9967
962
77
52
719
655
961
529
919
891
62
15
295
926
619
961
559
961
379
952
769
5979
577
666
666
961
61
259
926
619
691
549
997
555
952
669
888
691
819
792
72
81
15
26
195
961
25
529
556
9679
9889
766
972
529
878
692
8889
963
51
52
52
52
63
529
777
792
729
5559
9556




61
62
51
529
952
52
529
7959
9956
691
729
666



2
15
269
915
529
592
529
981
539
566
691
729
9859
692
7559
692
9777
952
15
26
619
891
529
973
72
529
555
691
99889
691
669
591
7779
591
269
951
61
82
529
981
539
655
979
961
99789
962
6679
929
9779
592
25
26
195
926
52
52
669
66
952
489
919




159
25
25
62
52
52
53
839
929
592
6559
962
99679
963
729
9589
962
52
619
952
52
52
52
839
656
691
729
6979
692
5889
952
9555
691
15
62
169
961
619
961
397
945
619
591
689
558
78
592
99789
962
52
619
691
619
691
61
539
961
789
794
859
961
99889
656
778
691
26
15
25
529
972
81
53
529
666
962
859
855
788
962
99789
591
26
15
25
295
926
5559
691
61
72
52
7889
952
719
927
829
983
269
915
295
952
72
519
996
952
619
666
691
619
927
29
996
951
15
52
52
529
592
196
5959
952
5779
692
819
792
6679
962
7789
951
269
951
52
529
592
81
6569
962
889
9669
691
529
888
962
5589
952
25
62
52
52
52
53
839
929
952
666
6779
9991
27
6569
888
926
15
26
169
951
82
729
972
539
555
692
9566
692
879
692
819
891
16
15
529
952
529
963
619
692
9919
9993
8559
962
729
9994
619
961
52
619
592
529
952
529
7959
6669
8889
666
929
677
929
9869
939
691
25
269
915
52
729
981
539
961
52
6559
9789
692
7779
592
9777
961
15
26
16
61
619
961
619
555
878
951
669
691
99789
961
7789
974
62
159
592
72
81
53
6559
959
67
951
6779
925
529
918
99559
962
25
16
52
52
52
539
699
962
6779
961
5889
691
889
961
6679
952
16
51
52
52
529
963
839
5
555
951
61
619
949
972
879
952
159
962
52
52
53
5559
67
927
29
6669
8889
666
961
198
927
51
16
25
15
26
619
961
619
666
952




529
916
51
52
52
52
52
539
926
298
566
767
961
6779
952
9979
929
8979
974
159
592
52
52
196
936
639
691
62
52
7977
952
189
591
7889
591
61
259
925
25
25
269
9579
9559
961
61
779
961
9929
951
7779
591
159
952
52
529
916
62
639
893
529
929
792
99669
778
962
5889
952
15
25
269
952
52
81
6569
952
529
592
169
925
269
919
885
962
26
195
592
61
61
619
6989
691
39
974
99579
555
972
729
799
691
51
26
196
916
61
61
619
591
6789
691
5789
599
981
81
719
961
25
25
269
952
52
529
6969
9669
961
529
691
729
961
729
961
61
159
952
529
592
52
9666
961
529
788
692
5889
9666
498
692
8779
962
62
52
52
52
53
26
489
655
961
52
529
952
9555
962
489
952
62
52
61
81
52
529
939
952
7559
916
289
962
489
962
5589
972
159
926
52
52
52
369
995
962
679
925
977
962
9777
925
297
962
62
15
295
925
25
269
929
952
498
893
196
666
767
592
7679
691
51
61
61
82
529
937
729
5569
9566
962
7589
925
879
951
7779
691
26
159
925
295
926
52
7589
952
7779
9555
5559
929
558
919
99559
299
26
15
52
52
52
52
839
566
961
61
889
692
99779
5569
7779
963
269
952
52
52
52
529
9999
936
629
9299
189
928
179
592
7779
981
15
52
52
52
529
963
689
556
585
925
759
792
8559
916
955
962
26
52
15
26
61
619
691
51
849
592
99789
5
981
61
489
981
159
961
26
51
25
52
5569
558
777
929
9779
929
858
916
6889
961
269
951
269
951
829
981
539
556
952
529
919
952
779
792
5569
692
269
951
529
592
529
981
6569
962
99889
66
691
52
8889
692
99789
893
16
159
925
52
529
917
729
973
729
5955
5669
962
99889
555
929
592
26
15
529
691
619
691
619
666
592
819
878
962
749
962
679
591
52
52
52
52
53
6559
787
926
759
692
7679
961
819
592
6889
961
62
159
925
26
52
5559
9679
692
99779
952
99779
556
952



269
951
259
961
829
981
539
962
5669
555
952
52
159
962
839
981
159
962
159
952
729
937
729
5955
7669
951
6679
5559
889
961
8859
951
269
915
26
169
961
61
955
952
5789
691
99889
916
9777
962
169
792
15
62
52
52
53
62
649
692
9989
592
589
692
5559
792
8559
592
62
159
925
529
972
81
539
961
61
52
529
962
7679
952
5889
591
61
52
52
61
619
691
619
656
961
61
279
951
729
891
819
591
269
951
529
691
619
691
8559
692
859
927
6669
8
767
855
777
891
61
52
619
961
61
61
619
9555
8589
929
9859
972
8789
951
479
983
62
51
26
61
61
495
799
594
6669
99989
929
91
966
915
4999
916
16
15
295
952
729
917
72
64
5559
566
858
929
9859
55
9977
952
26
52
15
61
61
61
479
961
956
9994
198
9955
778
954
769
952
159
962
52
52
53
62
9566
927
967
591
6779
951
779
794
589
951
26
52
16
619
961
61
849
591
849
556
7989
691
5779
928
819
692
61
25
529
972
81
53
63
619
556
962
5789
917
9676
916
99779
591
16
15
52
61
61
61
379
945
579
961
879
952
7579
556
767
961
25
26
15
52
729
981
539
666
56
962
5779
928
5889
962
6779
918
51
269
951
259
926
52
7569
952
529
655
952
52
529
592
739
945
16
52
52
159
926
52
839
556
961
61
289
972
5569
9299
29
952
16
159
952
52
52
9556
961
61
379
928
7779
953
977
925
9979
974
61
52
529
592
52
52
489
952
7579
936
859
962
9959
92
5559
962
62
51
25
259
926
52
839
952
5569
677
9869
917
99889
949
997
592
62
52
52
52
53
26
99589
9956
961
61
7789
929
949
952
8779
692
61
52
529
952
52
529
9869
952
83
6679
77
962
729
972
99889
972
159
952
52
52
16
63
639
995
677
962
879
961
839
961
6679
961
51
62
52
52
53
62
639
952
7679
952
7789
962
769
855
788
691
51
62
51
26
52
52
5569
691
8789
691
8789
6956
5589
952
889
591
269
951
52
529
952
52
9919
9659
8979
983
15
72
7559
962
99669
917
52
51
62
52
52
369
9859
9299
5559
929
67
927
955
917
859
952
159
592
529
592
63
52
639
666
972
189
989
855
855
929
77
962
51
61
26
51
25
259
961
62
8589
952
6589
972
619
691
2999
92
52
52
52
52
53
26
629
555
77
929
8969
952
9777
692
7679
952
51
62
16
51
259
555
77
926
8579
952
529
592
9777
972
6669
952
25
26
51
25
296
952
189
592
559
677
919
929
877
981
6589
939
25
25
269
952
52
52
839
566
961
61
7779
952
977
592
497
951
269
915
52
52
52
52
839
566
961
62
71
729
691
619
929
691
26
52
16
61
619
954
749
961
769
925
6879
5969
9956
588
981
539
25
26
51
52
72
81
539
693
619
691
2999
996
9789
961
8889
591
61
25
25
25
259
926
839
691
529
592
529
691
889
591
819
952
51
26
15
25
26
5559
691
61
7779
952
489
952
819
556
962
729
15
62
52
619
691
61
9949
961
869
99969
877
655
88
592
6779
691
269
952
15
25
296
952
839
592
839
6966
99579
952
52
52
629
592
61
259
592
72
81
539
655
5
67
655
592
529
952
196
952
719
62
15
25
52
729
981
539
9666
8589
656
8
592
99889
916
789
691
159
926
195
952
529
693
579
691
819
692
589
962
189
556
9859
592
16
159
961
82
52
197
972
539
555
5
919
961
298
5559
9777
981
159
592
529
592
169
936
639
692
99889
935
179
5669
297
961
889
962
16
159
952
52
529
963
579
5959
962
72
589
592
99579
929
558
962
51
269
915
25
26
52
5679
952
859
962
879
594
7779
916
7789
972
159
925
296
952
52
52
869
5969
961



2
5569
928
52
26
51
25
25
295
926
869
691
619
919
878
951
8589
939
767
952
15
269
915
259
925
62
589
692
629
592
9677
691
99789
9669
691
619
25
15
296
952
52
53
279
655
9769
951
7779
691
297
925
8789
972
159
925
26
61
619
961
8679
952
529
592
99779
927
6559
927
99779
92
159
961
259
952
529
936
397
691
81
639
776
951
829
6955
9929
951
15
62
15
296
961
61
619
666
888
866
5979
961
52
61
839
951
51
25
269
952
52
36
629
952
9555
972
889
962
8559
962
629
972
159
926
52
52
52
369
9859
926
62
6669
961
52
61
61
289
592
15
62
169
951
25
9555
9779
926
39
592
859
949
8
929
555
792
15
296
952
52
53
26
629
694
6779
961
889
592
8889
952
977
9299
269
952
619
981
52
81
6569
961
6889
926
298
592
8579
952
99559
591
25
25
269
952
52
52
99579
961
6669
776
961




16
52
169
916
196
961
61
619
691
6889
591
7669
591
7889
555
894

61
25
295
926
619
691
619
961
99889
594
8589
961
8589
666
888
983
51
61
25
296
952
52
6559
9967
8989
962
9666
9589
919



62
15
52
52
52
52
498
936
62
399
9667
919
961
61
61
61
25
16
159
961
82
72
649
591
5579
962
649
666
961
61
53
61
26
15
52
52
52
81
6569
692
9979
962
497
693
879
655
9679
591
61
52
52
529
952
9655
691
62
7779
591
889
951
269
962
729
961
159
952
52
52
196
962
359
692
789
5559
9777
9655
7779
592
6889
961
159
925
296
952
52
52
379
655
691
729
7969
962
8559
962
5889
962
25
159
962
52
52
52
369
5959
677
925
529
592
52
52
819
952
159
926
15
61
829
792
72
53
9555
9655
5559
972
519
981
819
93
26
159
952
72
81
539
556
962
3999
961
629
592
5589
951
819
981
159
926
196
691
61
61
379
945
8889
916
9959
592
529
919
778
792
26
52
52
52
52
539

929
592
52
779
983
7669
962
7889
692
52
52
169
952
52
529

691
529
919
766
758
9889
952
539
792
25
26
16
51
829
981
6569
555
952
72
9777
929
99969
952
7779
592
159
926
52
52
53
25
379
5
9977
691
619
858
777
656
667
591
25
26
52
52
52
53
7569
692
629
592
7779
592
669
915
977
962
62
52
159
961
61
61
479
961
967
5956
789
591
7789
5955
2999
961
16
52
15
52
52
36
379
961
619
691
397
961
7789
945
549
591
62
15
295
925
296
952
5679
919
949
961
6779
558
997
961
889
962
52
52
52
52
53
269
959
591
7679
962
7679
592
99789
591
7569
691
15
269
916
61
619
961
829
555
592
61
879
961
7779
974
649
9992
51
26
52
52
52
369
939
952
7679
566
788
9966
952
619
777
961
15
259
926
52
52
52
379
567
891
52
49
691
99889
916
769
961
15
52
61
529
952
396
55
691
7889
961
8789
916
966
951
5889
691
25
62
159
926
619
691
619
691
189
951
8579
9499
6779
961
8789
952
51
529
592
529
951
62
9566
927
7579
962
839
693
7596
899
777
952
159
952
52
529
916
629
939
693
569
927
889
983
8569
962
72
719
61
259
592
529
952
52
839
952
779
691
77
729
556
666
961
519
52
169
915
25
296
952
639
591
819
962
5559
592
389
891
498
91
16
159
592
61
619
961
99559
926
189
693
7669
951
298
919
592
529
15
26
51
52
52
9556
6989
962
789
962
5779
792
6789
692
859
591
269
915
52
52
52
52
489
656
961
529
919



159
692
159
592
61
529
592
6559
9789
692
739
893
19
556
979
962
6779
962
61
529
952
52
529
952
489
952
739
666
972
619
888
592
99579
692
62
52
16
619
961
61
99559
592
889
667
777
555



529
159
961
61
82
52
379
792
555
569
591
7789
951
819
656
5559
52
62
52
51
529
972
53
749
961
889
915
5669
929
9579
972
619

16
52
159
926
61
61
619
952
7589
952
99589
919
858
925
789
962
52
16
52
52
16
52
589
5959
952
729
7979
692
6779
925
977
962
15
296
952
61
619
961
8789
891
5569
691
819
929
77
691
9555
591
159
926
169
951
25
5559
7979
926
9939
962
598
961
9677
925
7789
692
26
159
925
529
952
52
839
566
67
919
929
6
917
9939
92
61
15
529
691
52
529
556
77
952
739
693
279
692
99779
939
665
692
52
619
952
52
529
592
869
952
839
666
588
952
8579
952
169
952
25
269
952
52
71
81
539
592
579
666
919




52
16
159
925
26
61
619
9559
9299
5779
961
779
6966
8879
9556
7679
9299
51
61
259
952
529
936
8679
555
691
52
4999
952
529
952
1999
952
159
925
62
15
26
52
589
962
62
29
9967
918
779
556
558
961
61
25
52
52
52
5559
5959
962
8559
692
8559
692
529
666
8
793
62
159
592
529
952
52
839
952
9655
792
519
925
819
666
858
961
269
952
159
925
26
5559
691
61
72
619
9779
951
7779
984
519
891
269
952
15
25
295
926
759
961
99889
691
529
962
8889
962
859
973
51
62
159
592
529
936
9556
58
677
929
77
925
5589
929
9859
692
52
169
952
52
52
369
691
62
99889
692
5889
962
8789
926
7779
792
269
915
295
925
269
952
5559
592
6779
962
189




159
16
25
159
961
829
972
539
555
699
792
729
656
677
692
519
929
25
26
15
296
952
52
5569
67
951
61
29
691
39
925
29
691
61
52
529
961
619
961
49
691
8569
928
8889
6959
919
9869
929
961
25
25
62
52
52
53
839
566
961
61
269
915
9929



15
62
16
61
61
61
4999
974
5559
692
729
591
497
691
6779
592
61
25
25
52
729
981
539
5696
5559
929
981
629
855
691
529
961
62
159
925
25
269
952
8669
592
889
983
519
692
9777
655
878
919
25
269
915
529
792
81
539
691
589
962
9667
952
619
952
7789
792
61
25
259
926
196
915
5779
691
99679
56
961
819
9669
591
62
529
51
61
26
61
61
619
691
9566
888
555
961



2
619
25
159
961
529
972
72
5559
556
961
819
78
935
159
952
19
981
51
269
951
61
25
295
961
26
7779
974
829
592
549
656
9859
891
26
52
51
529
972
81
539
693
529
6966
189
952
6779
691
8789
951
269
951
52
52
529
981
539
666
9679
92
9919
929
667
926
99889
952
52
619
952
52
52
529
766
919
929
691
99779
555
6979
961
298
951
25
269
952
52
52
53
2999
5969
7969
962
189
916
8679
692
179
962
61
529
592
529
952
52
839
566
691
529
949
792
6559
926
529
592
25
269
915
25
296
952
589
692
819
983
719
9556
529
926
639
925
269
915
296
961
61
549
591
52
49
961
7789
594
296
951
8889
952
159
592
529
592
63
63
298
952
679
691
99779
952
99779
5959
919
952
16
51
52
72
61
72
5559
952
729
556
919
962
8589
916
5889
792
15
25
296
691
619
961
5779
961
379
655
961
61
279
951
669
91
16
52
159
925
26
52
369
961
8589
691
298
952
5589
961
819
891
61
529
592
52
529
952
839
566
961
61
279
792
839
982
5789
792
159
925
269
691
61
61
729
961
379
656
961
61
619
961
269
951
62
52
16
51
829
981
639
592
619
592
859
692
8679
961
967
592
26
52
15
25
269
952
6579
691
8889
592
839
666
888
961
8779
692
52
16
52
52
52
36
619
692
99889
962
9949
919
677
591
9929
952
26
52
16
619
691
61
849
594
7669
9991
279
9994
5789
555
691

15
269
915
259
926
52
7569
952
48
956
952
529
592
396
9679
951
25
61
259
926
15
52
9556
6979
888
983
6779
655
592



62
52
52
52
53
26
498
961
529
952
5589
591
519
981
53
72
15
26
52
52
52
36
629
952
99988
555
777
5969
929
961
5889
692
51
269
916
51
82
397
792
9666
5955
61
889
556
787
926
189
691
16
25
25
52
53
27
6559
692
7669
925
6779
691
619
961
51
61
51
26
52
52
52
36
489
5
961
529
949
592
879
592
99779
962
26
15
295
925
26
52
819
952
839
666
888
666
972
619
7979
952
26
195
952
529
952
81
5669
962
629
952
9919
692
9919
961
9939
691
52
169
952
15
25
5559
7979
692
72
359
93
99569
952
719
962
529
25
26
15
25
26
52
829
952
839
6669
99779
925
99779
962
6789
981
51
62
51
26
159
952
839
6966
195
927
889
963
9979
599
788
692
15
269
916
51
82
37
5559
692
956
962
1999
961
889
951
7779
962
51
25
62
15
26
5559
9689
6669
7889
962
17
298
558
919
8979
951
62
15
52
52
52
529
919
983
169
592
99559
929
9859
919
599
962
269
952
52
52
52
53
259
983
169
951
6679
952
7789
962
7779
794
269
915
529
952
529
952
489
952
739
666
929
691
99779
692
159
9299
16
25
159
961
82
72
539
555
996
692
99789
591
8559
919
777
692
269
915
296
961
61
54
749
951
6589
555
952
159
928
71
729
983
61
259
926
61
619
954
6789
691
8589
555
691
61
789
592
8889
983
52
61
529
961
61
61
7579
961
379
945
619
961
619
891
8889
961
15
25
62
619
691
619
935
6669
952
619
9779
961
789
592
1999
951
159
952
52
529
952
63
9959
926
889
9666
619
952
729
792
8789
952
51
26
619
891
529
793
729
594
5559
856
6989
9666
8889
962
8779
692
25
15
62
52
52
53
7569
656
9779
962
9939
952
7779
794
589
591
61
529
952
619
691
619
5959
592
729
855
855
5979
592
619
593
619
52
619
952
529
952
52
19
983
6669
962
189
592
889
592
7779
981
16
51
259
926
619
961
619
691
99779
556
877
951
7889
5669
5679
951
26
51
529
592
529
592
839
566
961
729
939
925
8889
962
5559
591
25
61
52
529
952
529

9965
961
61
879
555
952
5569
92
729
61
25
52
52
52
52
839
592
99779
952
9566
5989
9679
961
7779
962
52
16
61
819
952
739
972
666
619
5669
8579
691
8889
5966
619
951
26
15
52
529
952
81
5669
962
769
962
6779
794
8589
952
99579
951
16
15
295
952
52
63
639
962
39
666
952



259
591
52
52
52
52
36
629
996
919
891
629
677
951
977
961
74
829
25
26
52
619
961
619
878
891
729
655
952
61
99789
9992
7789
981
25
269
952
52
52
53
9969
928
297
981
379
655
692
52
689
592
61
259
592
529
592
81
539
951
679
656
691
629
877
9555
7889
961
16
15
259
961
61
61
8679
6
952
52
7589
592
7889
693
889
972
51
269
915
296
952
52
6559
691
7779
996
88
591
859
952
619
952
269
951
52
52
529
952
839
566
691
62
719
9955
928
529
962
52
26
15
259
926
619
691
579
691
889
952
498
951
7789
981
7559
93
159
962
15
25
269
952
396
961
689
9991
289
66
888
666
858

26
52
16
619
691
619
8989
981
589
981
656
529
929
918
7569
952
52
619
592
61
619
961
749
555
961




51
5569
951
16
25
52
52
53
26
689
5959
961
62
71
729
592
955
792
61
16
15
295
952
529
963
529
962
99889
9669
961
61
99789
792
99779
952
51
529
952
529
693
52
669
927
279
962
5589
9966
788
962
7889
962
52
61
52
61
619
961
559
961
829
961
39
961
7669
925
619
961
62
51
529
691
61
61
955
961
379
952
719
591
8779
974
719
694
159
961
529
592
52
9565
9579
591
977
594
629
758
9659
858
891
629
159
962
159
961
25
9555
7979
926
839
983
819
5669
519
929
949
691
62
15
295
952
529
952
839
592
6669
927
279
792
6779
928
195
962
51
25
26
52
52
36
629
666
952
52
8889
592
8559
592
819
692
51
259
962
52
52
5559
7969
962
7889
6966
8889
962
739
5959
592
62
51
61
259
952
72
397
972
5559
665
591
99889
591
779
961
8559
592
62
15
259
926
159
592
8679
925
529
94
99579
592
6559
792
379
927
26
195
926
61
61
61
955
9559
961
529
9879
917
5889
919
6
951
61
259
952
61
619
961
8889
792
869
566
961
61
99779
591
6669
591
62
52
15
295
926
52
839
592
839
666
58
692
529
592
659
692
25
61
61
82
529
981
5569
692
839
656
558
982
991
25
8579
951
159
961
259
926
16
195
979
691
619
91
99789
592
7889
972
649
592
16
52
52
52
53
62
719
961
629
592
529
9199
5889
919
677
951
52
52
52
52
539
565
787
926
589
692
9555
692
529
961
99789
981
25
26
169
961
619
961
889
954
6789
556
866
952
729
951
819
952
15
295
962
52
52
3
569
961
9777
556
592
169
777
591
9677
591
269
952
52
52
52
539
929
6959
7969
962
1999
592
619
592
81
81
61
52
529
592
52
52
489
952
369
692
529
666
891
52
529
952
25
61
529
952
529
592
839
666
919
962
9777
974
829
916
889
952
51
269
952
52
52
369
9859
926
629
952
7679
592
7579
961
61
549
61
52
529
592
529
952
839
566
961
729
9977
952
8789
6956
529
691
61
25
269
961
61
549

951
6679
981
549
952
7779
691
669
951
61
25
295
592
529
952
839
767
792
5669
567
961
7679
917
99589
981
25
61
529
952
529
981
6569
692
889
9669
691
52
8889
692
879
893
16
15
296
961
619
691
619
656
952
619
666
981
777
82
966
591
16
52
52
15
26
52
589
6959
691
52
52
52
529
916
19
592
51
269
961
819
592
397
792
54
655
5669
952
619
929
926
1999
961
51
269
952
52
52
369
961
629
919
952
579
558
878
9659
678
691
16
159
925
61
61
61
479
961
398
9559
877
556
9769
929
691
52
25
61
25
259
926
52
7569
919
777
945
99679
951
99889
918
529
592
269
915
52
52
529
981
539
951
99679
66
918
666
269
952
196
952
62
52
16
619
691
61
889
891
479
556
788
981
6579
951
877
26
62
52
52
52
53
6559
9789
926
529
592
5559
592
529
952
489
952
269
915
25
52
52
52
839
566
592
6669
888
755
777
972
729
952
52
619
952
52
529
952
869
952
839
655
767
961
8889
962
779
972
51
269
951
52
529
963
589
692
779
555
78
691
519
961
7889
592
269
915
529
952
529
981
6559
972
83
6669
777
92
289
566
5959
592
25
26
52
52
52
539
5
983
719
962
519
656
962
529
962
52
15
269
952
52
52
369
66
961
6779
591
779
5959
858
591
9929

269
952
15
296
916
15
61
6669
961




169
9659
972
51
269
915
295
926
52
569
952
819
925
559
929
919
891
52
529
52
61
52
529
592
83
6669
961
679
91
6779
591
8779
961
5789
951
159
926
169
691
619
961
619
9555
8789
952
8779
592
99889
961
9677
691
52
61
52
52
529
952
839
566
691
299
99889
962
7889
766
9966
952
61
52
61
619
691
61
619
655
888
952
99779
919
67
919
566
961
15
296
916
619
961
61
619
656
952
51
7779
951
6779
591
279
891
52
619
952
529
952
529
8969
9956
961
296
792
529
88
952
5569
962
51
25
26
15
26
6669
9679
917
498
974
519
591
99789
591
7669
952
269
951
61
82
52
81
53
62
5669
919
85
692
9555
792
5889
952
26
51
529
952
52
52
839
656
9779
919
877
936
389
592
99779
962
51
62
16
51
25
26
5559
961
6889
915
5889
915
629
919
5
692
62
159
925
529
972
81
539
556
959
919
929
691
9677
792
99779
952
16
25
159
926
52
52
5569
6979
9889
692
7779
952
8679
9991
9677
952
61
259
925
26
61
619
591
52
8679
954
749
555
952
729
974
729
62
15
269
691
61
619
58
591
479
66
961
519
929
961
729
691
159
592
52
529
963
629
939
592
759
592
9777
962
6779
5959
919
961
25
61
529
961
619
691
8579
974
5559
962
7789
951
8779
928
9556
692
61
25
269
961
61
549
7959
951
529
952
9969
952
6669
878
919
692
25
62
159
961
61
61
519
592
9667
794
81
966
9889
9559
888
692
61
52
52
619
691
619
67
591
529
9399
7589
951
8589
928
8579
937
15
296
915
295
926
52
839
926
529
961
8889
666
88
692
8589
792
25
16
16
82
529
592
6559
555
767
952
529
592
52
81
379
961
26
195
926
61
61
549
7959
951
6679
928
189
556
691
7889
928
81
51
26
51
61
25
529
556
9769
9889
692
8589
919

591
7789
951
52
169
952
159
926
52
839
952
9666
952
529
952
529
961
61
529
25
25
16
269
981
52
529
6669
8579
952
99589
592
9555
9767
519
961
16
25
51
529
972
53
529
655
961
529
949




529
26
51
269
916
61
619
555
592
789
962
759
961
9666
878
577
692
26
15
295
592
72
81
539
952
9666
691
879
962
729
692
72
629
269
952
52
52
52
53
9969
962
99889
983
169
656
858
952
99589
962
15
62
15
295
926
52
839
891
5669
591
7679
951
977
566
588

26
195
952
52
52
52
839
566
691




556
879
592
26
52
52
52
52
53
9929
9659
979
667
929
917
889
952
889
591
26
15
52
52
52
6559
691
61
289
981
629
952
99579
974
5789
972
159
952
52
52
529
916
869
9399
5579
961
529
972
8559
962
5569
962
159
952
52
529
916
396
556
9299
99779
961
529
919
919
588
929
592
16
51
259
926
61
619
9955
9992
99589
9299
99789
666
877
6969
951
61
26
195
952
61
61
61
49
961
619
9659
8989
9759
9689
939
777
594
15
269
915
52
52
63
9969
919
93
619
99989
691
769
67
952
619
62
15
26
61
61
54
749
961
99569
9559
858
949
888
963
819
981
159
961
259
592
52
639
9759
952
5589
566
888
916
519
9666
7559
793
159
592
529
952
169
936
629
961
859
929
6989
919
777
962
5679
952
25
62
169
951
829
981
539
692
5669
692
9677
952
99889
691
7589
951
26
195
592
529
592
52
839
566
691
52
619



629
952
61
259
925
259
926
5559
691
62
7779
951
879
915
589
916
259
972
26
51
269
961
61
619
9859
954
769
691
619
691
8889
984
5579
961
159
592
529
592
63
639
5979
5959
691
62
8889
691
889
9666
8889
692
52
619
952
52
52
529
9759
983
519
666
88
929
767
591
7789
692
25
52
52
52
369
692
759
952
956
592
9776
952
779
925
8589
951
26
52
15
529
972
81
539
6669
629
555
778
9991
99679
951
99889
591
159
952
619
952
529
963
9555
592
9979
925
198
972
559
917
6559
962
26
195
592
529
951
5569
691
62
71
25
397
945
99679
691
789
951
26
15
259
926
619
961
61
51
849
952
889
952
197
916
9777
792
159
961
25
26
52
5559
952
529
899
951
819
936
9777
692
1999

52
619
592
52
52
529
9689
9569
961
61
7889
916
29
91
869
952
16
15
295
952
52
63
99579
691
8889
9666
8889
666
8989
962
5559
91
52
619
592
52
52
52
869
952
99789
936
7669
592
8579
952
7889
591
62
15
295
961
61
61
479
961
5669
588
858
929
8
962
879
981
15
25
269
952
52
369
9689
961
6779
951
6789
962
619
983
179
794
159
592
52
529
916
369
939
692
5789
952
7669
91
9777
952
99779
962
26
159
592
52
529
952
839
952
7779
9656
889
952
7669
952
9989
952
25
51
269
952
52
53
6579
962
99679
962
189
951
289
5959
961
819
16
25
16
82
529
952
529
655
691
729
555
952
529
983
159
927
25
62
15
529
972
81
53
6669
995
962
8589
592
8579
962
189
951
61
52
52
529
592
52
739
699
919
592
529
692
8789
983
6779
891
25
26
15
61
61
61
479
961
569
9955
9769
8959
919
688
919
962
16
15
259
961
61
61
479
961
61
61
5789
794
849
556
891

15
296
952
61
619
961
8789
981
72
6669
555
592
529
592
52
619
61
259
592
52
52
52
489
952
739
6669
8679
951
6779
566
961
81
15
26
159
925
26
52
389
556
691
61
8889
691
5789
962
879
592
52
61
52
529
592
529
8969
9956
961
52
789
929
778
691
398
692
51
269
952
15
269
952
839
592
5789
656
929
9689
877
9655
52
52
51
52
529
952
519
962
5669
927
99569
952
8779
952
8889
692
879
961
16
15
529
792
72
5559
929
55
961
61
99889
9659
592
81
539
961
52
52
52
52
53
269
5979
692
9919
666
8989
918
7679
692
8789
691
52
619
952
52
529
592
839
952
7779
5966
298
952
99779
692
7789
961
15
269
952
52
52
369
959
692
6679
962
7779
974
189
9556
2999
592
61
25
259
925
25
26
839
952
839
766
929
99969
99989
929
591

51
269
691
81
52
529
6969
9199
819
592
519
981
819
655
599
591
51
26
16
51
829
792
72
549
555
6669
297
591
789
591
8589
961
61
259
592
72
81
53
6559
692
629
952
7679
929
6969
919
778
952
269
952
52
52
52
539
959
983
6669
9559
592
529
9858
25
62
52
159
926
159
926
52
5559
592
52
519
962
8559
952
52
52
83
83
61
25
295
952
729
981
539
9566
5559
929
891
629
558
691
529
691
25
16
15
295
927
72
649
655
556
855
77
592
52
529
961
61
62
51
52
619
691
61
49
961
8569
928
9939
995
7979
5959
9769
981
26
195
592
619
691
619
888
792
729
591
6569
961
2999
8
878
981
25
52
52
52
53
269
777
555
592
629
9967
962
779
925
99889
691
52
619
592
529
592
529
9579
919
99989
936
529
926
5589
792
729
891
15
529
691
529
592
993
9556
919
929
5955
879
591
81
37
5559
962
26
15
529
972
81
539
666
591
9929
962
9555
929
855
981
819
981
61
529
592
529
592
9566
929
555
929
919
891
529
599
592
7679
592
25
26
52
619
961
619
949
691
189
591
5889
692
819
592
589
961
62
15
296
691
619
954
749
691
9556
961
269
915
8789
918
7779
692
26
195
592
52
529
952
839
566
961
62
72
729
919
961
629
592
62
51
52
619
961
61
498
974
829
655
952
529
778
925
99589
592
61
259
925
296
691
61
8889
981
7569
691
6669
855
777
591
8589
962
25
26
51
259
926
5559
961
62
189
972
819
972
859
972
529
692
15
62
52
52
53
5559
7969
962
8789
792
9959
556
929
692
9777
692
26
51
259
961
829
981
6569
961
829
6966
819
592
889
666
7979
692
269
952
15
295
925
269
7959
9955
691
529
78
952
5559
981
5559
962
26
15
269
961
619
691
955
66
961



519
666
99969
592
61
529
961
61
61
61
955
691
779
974
289
5966
9667
981
629
591
52
52
52
52
539
926
7779
555
9669
919
929
592
7889
666
888
952
15
529
592
52
63
629
9993
52
62
739
66
93
9677
91
6679
972
16
52
52
52
53
62
5559
962
6789
927
6789
962
5889
962
5589
952
269
951
529
592
52
52
839
566
9769
927
8579
929
877
556
855
92
62
159
592
61
61
619
888
792
81
555
99669
692
759
938
7889
972
15
295
926
52
52
369
9669
92
49
939
588
6959
929



26
195
592
61
61
619
591
52
9939
691
8779
591
8889
962
789
792
269
952
52
52
52
53
839
566
961
62
52
52
529
937
5669
961
61
529
952
619
961
61
99679
591
9979
961
839
555
777
555
952

61
25
529
691
61
619
949
691
619
566
919
929
777
954
619
691
26
159
926
619
961
54
749
591
7559
961
849
666
961
61
61
61
61
52
529
592
52
52
19
952
9979
983
5659
952
529
952
159
692
26
195
952
529
952
52
197
981
539
9666
279
691
5589
919
888
916
52
619
592
52
529
983
6559
951
7679
952
779
962
7889
9655
7789
981
51
259
962
52
52
36
489
556
961
52
49
9777
195
9299
8889
962
51
269
915
529
952
9565
691
61
289
962
889
962
819
964
5789
952
51
52
619
592
529
936
9556
855
777
555
9589
952
52
71
539
952
16
15
52
52
52
529
777
972
72
6559
566
919
688
591
8889
9991
25
26
15
26
196
915
679
919
5
952
729
949
9879
925
9989
961
159
962
169
951
82
379
972
955
5959
755
592
52
529
952
51
52
26
159
592
619
691
61
5589
962
619
938
689
928
99889
91
99779
952
51
26
52
52
52
36
619
962
19
952
99579
558
8989
919
939
92
61
529
961
61
619
691
619
555
777
961
5789
891
99679
945
619
691
159
961
52
72
72
61
5569
591
259
952
479
962
7679
591
99889
592
269
915
25
269
915
529
577
925
8589
936
279
692
8679
962
8889
691
62
52
52
52
53
269
9589
929
9689
592
99559
983
99669
592
529
592
15
295
926
619
691
61
7579
961
619
5
858
918
7679
925
5569
927
61
25
529
691
61
619
9999
961
679
969
9879
591
6679
961
269
916
269
915
26
619
961
619
9955
592
889
556
878
666
961
789
88
592
15
26
195
592
529
963
869
961
7889
656
979
692
8889
676
919

15
269
916
61
619
961
829
974
829
891
5589
981
9666
692
99589
692
269
951
259
961
61
61
479
961
519
961
8889
951
879
916
889
891
62
15
529
592
529
592
869
56
961
52
789
962
7779
592
529
691
15
295
926
619
961
61
9979
961
769
945
1999
961
859
919
778
951
15
61
61
82
52
379
972
5559
56
691
9929
666
888
981
289
591
25
159
926
52
52
53
7569
692
629
952
9777
693
619
952
819
691
62
15
529
952
529
952
839
566
691
296
792
72
189
972
955
692
26
159
925
295
925
269
9999
961
619
9992
179
995
788
951
8579
692
52
619
592
619
961
619
799
961
379
945
619
691
5559



52
61
52
619
961
61
8569
592
8589
692
99889
893
99569
692
529
592
51
26
159
925
26
52
589
692
62
529
677
9659
592
51
8779
591
15
61
25
269
952
52
5569
6979
951




25
579
951
61
25
26
61
61
54
749
691
769
951
8669
591
8589
961
6679
591
16
52
51
529
593
9555
9779
692
7589
792
99559
692
7779
692
99679
962
15
296
915
296
961
619
591
52
39
9499
6789
591
6779
928
889
919
25
25
62
619
691
619
6989
961
9677
591
99889
555
777
926
789
918
16
51
269
951
829
937
729
5956
6589
961
5889
566
961



159
961
26
51
82
37
72
6559
556
962
529
929
592
529
777
594
159
961
26
61
61
619
5979
691
7589
974
8569
591
99889
9966


16
15
269
691
619
691
619
961
99889
961
839
5959
594
519
949

16
15
296
916
61
619
974
5559
667
981
779
9555
977
916
9666
951
62
51
25
26
52
52
6559
558
777
928
739
983
169
961
5589
592
16
52
169
961
61
61
619
974
5569
961
889
592
7779
951
6569
951
52
619
592
52
529
981
6569
692
8889
666
691
529
9889
952
8589
9991
52
619
952
52
52
5559
9779
962
549
566
592
52
819
891
519
981
25
16
159
952
729
972
5559
565
919
692
5589
792
859
951
498
916
16
51
61
82
52
379
792
5559
656
951
629



3
629
269
915
25
25
269
952
649
692
7589
592
7889
666
888
962
5889
692
61
52
61
61
619
691
379
945
8559
692
9989
951
8889
952
629
948
25
269
952
61
61
619
878
891
81
655
759
692
99589
929
877
593
16
52
159
926
159
592
9776
961
8579
951
6889
9656
99889
926
8889
692
25
15
296
952
52
53
669
9559
9779
952
6779
67
919
9779
929
691
61
529
592
529
592
52
839
592
729
9666
779
951
7779
916
8889
691
51
62
52
52
53
62
489
9666
19
952
99779
925
8779
951
5889
592
15
26
196
951
829
793
729
952
9555
961
529
961
819
891
7789
591
61
52
52
529
952
52
489
936
6669
962
619
981
819
981
81
54
269
915
295
926
619
691
619
961
189
951
889
961
789
6966
7579
962
51
52
529
592
51
62
5669
952
529




52
64
72
62
52
159
961
829
981
639
592
619
556
9779
919
9999
792
6779
692
62
52
169
691
619
691
99559
591
8579
592
7579
979
778
918
6669
981
15
269
915
529
792
51
9666
951
779
961
397
592
197
974
9555
692
159
952
52
529
952
6669
9889
592
779
961
7789
937
559
666
972
51
15
25
62
52
53
269
9966
9299
4999
93
8589
5969
929



159
952
52
529
963
63
289
952
6669
952
7779
951
889
693
589
692
16
52
15
25
25
269

5959
961
62
71
559
928
469
952
629
51
269
916
51
829
937
72
666
619
656
666
919
981
819
758
951
16
51
269
691
619
691
619
555
577
855
7989
954
555
52
159
983
62
52
52
52
53
259
929
9956
99979
691
99889
691
749
962
179
917
16
25
25
25
53
25
397
959
5
776
9199
3999
995
9967
88
891
25
269
951
269
952
649
9569
591
99889
961
479
962
99789
9299
9979
951
15
295
962
52
53
26
7569
919
555
962
8559
983
819
793
549
9992
62
51
52
61
61
619
949
691
529
555
877
691
8889
918
395
951
159
592
619
952
52
3999
566
691
8779
951
7679
656
691
669
7959
981
51
52
619
952
52
369
556
558
929
952
7779
692
7889
592
729
981
159
925
26
52
52
36
9959
656
9779
962
789
961
8889
693
5789
891
51
62
52
52
53
6559
67
962
5779
962
8559
9769
667
928
519
981
25
26
195
961
61
61
479
961
6579
951
8669
951
619
961
7779
692
26
15
269
961
619
691
559
952
198
592
9919
952
8889
893
965

15
25
296
952
52
369
666
929
88
592
9777
656
929
961
8889
591
159
926
52
159
926
5559
691
61
289
972
7779
952
7779
952
8559
591
51
61
529
592
529
963
5569
5989
767
973
279
925
529
855
929
952
26
195
925
25
296
952
5679
691
8889
592
839
566
8989
927
7779
692
51
26
195
592
72
519
665
961
279
962
889
591
29
592
5889
952
159
962
52
15
26
52
859
9955
952
52
879
6966
8889
6966
3999

15
269
916
619
691
61
379
945
8679
951
819
8969
929
591
8679
691
25
62
51
25
26
52
619
952
9677
91
5589
929
88
961
5889
961
51
62
159
926
52
52
5569
67
591
61
2999
952
1999
961
9939
691
52
61
52
52
529
983
719
7979
972
555
99559
656
592
52
719
981
269
915
52
529
952
52
839
566
592
72
629
995
777
961
529

15
52
52
529
916
6559
961
529
972
619
9779
952
8789
951
779
691
25
62
169
691
619
961
849
954
9969
555
952




51
52
15
26
52
52
36
629
592
5779
655
929
952
189
952
19
592
16
52
52
52
53
26
9969
865
961
52
7789
951
8889
962
5559
692
16
159
952
52
529
693
869
691
619
692
8889
655
952
529
952
51
51
26
52
159
926
52
859
9569
961
61
7779
961
589
961
7779
929
61
52
52
529
592
5559
55
692
8559
962
6889
667
588
9667
8589
981
159
926
15
295
926
52
859
9659
961
61
779
952
779
962
99669
952
159
961
269
951
82
379
972
556
619
592
8569
952
879
961
2999
691
26
15
259
926
52
52
619
952
819
599
7
91
779
891
519
952
15
295
926
52
52
36
629
964
5889
56
961
619
877
592
819
792
15
26
169
691
61
61
619
555
858
919
7979
891
81
539
919
891
61
529
592
529
592
9555
667
692
7679
952
489
961
7579
792
99779
974
61
529
952
61
619
961
619
666
592
779
888
656
691
295
7969
591
26
52
15
269
916
15
61
6669
961
519
929
691
7679
919
961
61
15
529
961
529
952
399
639
5959
691
529

592
5889
92
639
961
269
952
169
916
61
61
849
961
7559
5
961
61
279
691
5559

61
25
529
961
619
961
379
945
9666
961
819
891
819
961
8889
951
159
961
269
961
619
691
619
555
858
919
9977
981
869
891
889
591
52
61
529
592
52
529
9579
952
6889
793
5659
927
9677
691
9777
972
16
159
952
52
52
169
939
919
9696
9399
99679
917
397
891
749
891
26
195
926
619
691
549
7959
961
5679
961
519
691
2
819
891
519
62
15
52
61
61
61
619
961
5889
592
8889
915
74
61
7789
792
159
952
529
592
196
952
739
693
297
963
6569
939
8989
591
99789
961
26
195
925
529
792
81
539
691
529
962
529
666
952
729
9869
951
159
592
52
52
63
639
9579
961
7889
961
8589
666
792
529
777
592
61
529
952
52
52
5669
929
555
929
919
891
529
9199
529
981
81
62
52
51
52
72
539
5979
952
749
655
961
819
99979
92
879
891
269
915
25
25
269
952
7569
691
859
9992
779
961
8889
981
539
951
26
51
25
61
829
952
196
592
496
952
6679
691
9767
591
9677
972
16
25
52
52
53
5569
9769
692
9776
691
7579
691
5779
9199
99879
891
15
296
915
259
926
52
639
961
689
917
967
691
839
961
879
794
52
619
592
619
691
61
519
952
5779
952
749
555
952
52
529
952
25
62
159
952
529
952
839
592
7779
792
6559
952
9959
961
9989
962
15
269
952
52
52
369
939
691
619
929
997
9992
99889
566
929
961
15
269
951
269
952
52
5569
67
951
619
929
691
2999
925
29
961
52
52
52
52
539
565
687
962
52
99559
592
729
792
379
692
629
62
15
269
691
619
954
5779
691
5889
655
777
555
877
594
99889
951
25
269
691
819
952
81
539
655
691
529
555
962
159
927
819
792
26
52
15
52
729
981
539
961
529
952
6679
961
9677
5559
29
952
269
952
16
51
82
529
9669
952
529
592
9949
928
8559
952
529
962
62
51
26
619
691
619
9889
891
498
555
9966
951
529
691
529
592
15
61
25
259
926
52
839
5669
9677
962
99889
691
7589
981
8779
972
159
592
529
592
63
639
9579
692
398
952
759
952
7779
692
6679
962
51
269
915
295
926
52
659
929
577
962
179
693
977
556
919
961
52
15
62
52
15
62
589
55
952
529
777
962
529
937
729
893
16
52
52
15
26
52
589
5969
961
61
8889
962
7779
928
379
962
61
529
952
529
592
529
919
952
6789
655
777
691
5589
972
5589
692
269
952
52
52
52
53
295
983
179
655
778
6669
298
961
9777
952
51
61
529
952
397
972
729
594
5559
6966
869
919
929
691
8789
951
159
926
16
51
25
529
556
692
7889
5959
929
962
529
691
529
592
