61
52
52
52
52
52
719
983
719
6669
8889
656
878
666
952
529
61
529
952
61
619
691
495
952
179
951
6779
591
99889
981
789
591
16
52
159
592
529
963
839
692
52
63
2999
691
819
919
677
961
61
529
592
52
529
592
519
893
6669
592
779
592
679
566
888
692
26
15
25
259
926
52
7789
981
7569
591
9989
935
579
9666
8889
592
25
25
16
52
72
159
936
52
569
961
289
969
919
951
7779
962
15
269
691
819
952
529
939
952
9666
691
8589
961
789
5955
9989
792
15
26
16
51
259
592
639
952
6589
961
8789
961
769
9299
179
592
15
259
926
51
26
52
529
952
7669
929
961
819
9789
592
99889
592
269
951
25
52
529
592
839
666
929
952
529
692
977
925
52
52
15
25
296
691
61
619
961
539
951
295
929
592
6889
952
169
952
52
61
61
619
961
61
619
794
9556
916
8889
951
7679
591
529
961
26
52
52
52
52
53
839
926
859
692
529
9666
6889
952
729

16
25
15
259
926
52
839
952
9777
972
5569
9559
961
61
529
952
52
169
961
81
52
529
666
952
179
656
961
52
9555
952
46
1999
52
61
529
592
52
52
839
566
8989
666
929
592
529
952
197
972
26
159
952
529
592
52
179
983
719
6966
8889
697
729
655
691
81
62
52
159
926
619
961
749
691
8589
566
9889
961
8789
915
619
951
52
51
26
51
26
52
839
952
839
666
929
919
888
916
779
691
52
51
62
159
925
296
576
952
589
865
691
629
919
691
779
952
25
26
16
61
61
549
7
961
7889
925
5889
891
6579
691
8559
9299
61
529
952
52
52
52
839
9666
8889
566
887
566
77
962
7679
962
26
195
592
529
952
52
719
983
7679
792
955
9659
961
99579
7979
961
61
259
926
619
691
619
8989
954
5779
555
591
619
929
592
19
592
51
26
169
951
82
397
972
52
459
6669
559
691
6789
555
9889
691
15
62
15
259
926
52
839
951
9929
566
972
179
85
952
9977
529
15
269
952
52
53
26
579
952
8679
555
961
298
655
792
99589
962
51
62
52
52
53
25
819
5966
9667
961
72
61
619
692
8559
961
62
51
26
61
619
961
849
954
5669
919
555
929
919
592
819
962
62
51
25
25
295
926
839
592
5779
666
952
9666
952
179
891
72
52
61
619
691
61
61
379
946
5669
951
99889
951
99579
558
928
54
62
52
52
52
53
81
539
591
6679
692
279
692
9989
962
7589
592
61
529
592
529
592
52
839
566
9992
529
792
9566
778
92
6789
951
25
16
52
52
71
72
649
655
952
52
629
952
779
951
8779
951
62
51
259
961
61
61
479
945
6679
591
8779
951
9979
591
8589
961
159
592
529
592
169
592
739
963
639
929
591
529
777
655
9889
592
51
52
52
52
519
962
739
963
9566
919
99969
952
729
972
7779
984
61
25
295
926
61
619
67
591
99679
951
977
9555
9777
555
929

26
52
52
61
619
961
497
945
967
951
619
951
819
9299
849
591
25
52
52
52
53
26
7779
972
6669
691
559
591
99779
951
889
951
26
195
925
25
269
952
819
592
489
935
7579
65
961
529
5959
972
61
25
259
961
61
61
479
961
6569
591
955
952
8789
962
51
619
26
159
592
529
952
52
839
566
9889
962
629
691
5559
927
298
972
25
25
269
691
61
619
961
539
919
691
7569
866
961
529
9779
952
52
16
195
926
159
952
729
953
956
961
279
99969
919
961
6889
591
16
159
952
619
691
619
995
592
398
591
779
692
689
692
689
951
15
26
196
691
61
61
379
946
559
951
789
951
889
981
619
961
269
952
52
52
52
53
279
983
719
666
888
6669
51
2999
952
619
269
951
52
52
52
52
839
666
888
666
919
996
961
2
879
951
269
915
295
961
61
61
479
691
99559
6
858
962
99889
566
88
952
61
52
52
529
592
52
498
936
7669
5959
952
529
919
952
7779
962
62
15
52
61
61
619
9689
961
379
945
519
961
869
961
8889
962
61
529
952
619
691
619
9679
951
9979
595
19
691
529
591
5889
952
62
159
926
619
961
619
88
594
556
295
961
529
778
951
99789
951
51
62
52
52
53
25
819
656
667
691
297
5969
961
62
1999

52
169
952
52
52
369
9579
952
819
556
691
819
929
962
779
952
51
26
169
691
619
961
619
974
9555
691
769
692
729
951
5889
981
15
62
52
52
53
2
819
926
9666
691
889
961
9676
996
951
529
26
159
925
52
72
81
53
666
529
6959
961
819
7
5959
678
592
16
15
295
952
52
639
9999
592
99579
961
5789
692
779
961
619
691
269
915
295
952
72
81
539
961
99579
952
6669
692
819
592
779
591
62
52
52
52
53
259
5979
9299
498
935
779
99966
7679
919
891
51
15
296
916
61
619
961
829
9555
7779
555
919
5
961
529
9789
9992
51
62
52
52
53
269
699
952
6579
961
977
961
6789
691
7879
948
61
529
592
52
52
52
839
566
8989
666
558
925
529
929
9955
962
16
159
952
619
961
61
379
961
649
591
859
691
9555
952
51
62
62
51
269
951
82
81
539
963
6669
9559
952
52
7779
6966
789
591
61
529
592
529
952
52
719
983
719
779
72
655
5559
961
769
591
61
25
529
592
52
529
566
952
99679
5
961
729
677
962
5679
961
16
52
52
52
53
26
489
916
8579
666
691
819
929
766
888
691
52
619
592
529
952
529
766
962
5889
9569
961
61
889
916
8789
91
16
51
52
52
529
916
839
963
9959
5969
691
99889
929
691
9677
962
51
26
169
951
829
937
72
529
948
5559
666
6959
929
961
629
592
61
52
52
52
529
952
839
5669
99779
556
961
819
962
5595
952
619
15
26
196
951
259
952
729
593
5569
9956
961
52
619
952
619
961
62
52
15
259
926
52
839
952
498
936
5559
972
9555
962
859
962
269
952
15
259
926
52
839
952
9979
925
629
692
729
952
99779
962
52
52
52
52
539
962
8569
926
6779
9299
519
952
9777
952
879
951
61
259
926
61
61
619
555
92
519
592
7889
961
289
666
878
962
26
195
592
52
52
81
539
925
759
656
592
52
159
962
649
691
269
915
25
52
72
81
539
592
99669
962
9969
952
629
962
7789
692
26
159
925
295
926
52
819
952
498
936
9989
6959
952
529
558
792
25
26
52
52
52
52
379
981
369
6669
297
963
619
961
8559
954
61
25
26
619
961
619
555
92
519
929
9889
996
8979
592
52
529
269
951
259
952
52
52
839
666
888
6966
889
6
691
619
972
529
61
529
592
52
529
952
839
9666
5589
692
99669
961
289
916
629
925
26
52
169
916
61
619
894
819
655
9955
919
929
858
6969
952
52
15
295
962
619
691
61
61
53
1999
591
99779
961
51
5559
919
592
16
51
25
296
691
619
594
529
919
591
7779
555
961
26
1999
692
15
26
61
819
592
739
972
529
555
555
952
52
159
962
52
52
15
62
15
259
926
52
839
926
869
692
619
691
619
929
566
927
159
925
62
52
52
369
9759
952
819
556
691
72
729
962
179
692
61
529
592
529
952
81
539
6966
279
951
9677
9955
961
296
687
591
51
269
951
269
952
52
369
952
99569
691
7889
961
289
555
952
52
62
51
259
926
169
915
529
952
99579
592
529
962
977
927
5789
591
15
25
62
52
53
26
99579
952
498
556
961
298
919
692
729
961
159
962
159
926
196
915
529
592
99559
961
619
929
919
961
819
952
26
195
592
529
592
52
839
566
88
99966
295
925
25
629
951
62
62
159
592
529
592
52
719
983
666
61
29
951
7579
691
819
952
16
25
159
592
72
72
539
656
9966
961
529
691
729
961
619
691
62
15
52
61
619
691
5589
692
5589
691
9929
962
7679
951
6679
952
269
951
25
295
926
52
839
592
489
936
569
692
9949
555
962
71
16
52
159
926
16
195
997
961
6669
951
8889
591
61
61
5889
981
159
926
15
25
269
952
529
954
7669
961
8889
916
8789
555
919
692
25
16
16
51
829
972
459
592
369
952
7569
951
297
691
859
9991
52
169
915
52
52
639
576
952
739
9559
972
17
279
592
297
592
15
259
962
52
53
2
819
926
6669
961
889
691
769
691
839
983
61
25
295
926
61
619
954
61
179
961
54
52
8889
945
489
9991
52
61
529
961
61
61
619
953
619
961
99559
952
198
856
692
629
62
52
15
259
925
296
9689
592
819
983
719
655
952
529
5959
972
159
962
52
61
619
961
5889
983
719
9566
8779
555
691
619
78
692
25
25
26
52
52
52
379
983
719
6669
519
962
1999
691
9989
592
61
25
25
529
952
52
839
566
799
9955
691
819
777
9556
9979
961
62
51
61
82
52
81
539
963
5669
5959
691
81
9989
592
7789
591
52
61
619
691
619
961
619
794
259
555
891
61
889
962
6889
952
52
51
269
952
52
36
62
529
755
691
289
9966
952
26
7889
592
51
61
529
952
37
72
72
5559
6969
555
777
592
9949
961
9929
961
51
62
52
15
269
952
839
592
99579
556
961
9779
29
961
2
61
159
952
52
52
196
952
9666
9559
691
819
777
9299
529
952
8579
692
62
52
16
61
61
61
84
54
549
9955
919
929
919
952
819
952
62
51
269
951
82
81
539
963
9566
9956
952
529
777
592
7779
972
15
25
269
952
52
369
7959
952
689
962
52
9555
962
52
529
952
62
51
61
82
529
592
739
981
5569
951
5789
952
7779
666
666
691
159
926
159
925
269
952
839
916
8579
926
9989
666
961
529
788
691
16
15
259
952
52
63
639
692
395
9955
877
692
879
5669
666
991
269
952
52
52
52
52
379
983
6559
66
691
61
279
566
952
619
62
15
269
691
61
54
29
961
619
555
777
961
8589
592
779
954
269
952
52
61
61
619
691
61
8559
952
629
592
519
919
9859
951
61
529
952
529
952
52
719
983
71
5669
656
961
99889
692
99889
915
51
26
16
51
259
592
396
592
8669
961
739
692
197
969
799
981
61
25
259
926
52
52
839
983
719
655
667
555
7979
555
777
952
15
269
916
16
61
61
61
749
5959
691
619
961
9929
691
619
961
16
159
592
529
952
63
639
962
5679
961
7889
961
9989
962
889
693
52
169
916
61
619
961
74
555
7679
915
769
591
9566
951
879
951
51
259
961
25
269
952
5669
5959
952
619
939
952
977
792
729
591
26
159
925
295
926
52
819
981
539
962
629
592
6779
591
9979
961
51
259
926
52
52
35
629
951
679
691
977
9955
961
529
558
962
61
259
952
52
529
592
529
983
659
962
529
961
729
961
99779
691
16
15
25
269
952
529
939
9666
619
961
279
9559
951
6789
927
619
61
52
52
61
619
961
61
61
619
591
197
951
5889
9199
819
952
16
52
51
259
926
52
839
9666
9929
962
589
962
7789
962
7679
974
15
26
159
926
16
169
9579
915
5779
691
359
961
81
5559
952
529
269
915
295
952
72
81
53
666
529
591
955
929
919
952
9555
9299
159
961
25
529
952
369
7989
972
179
792
5559
655
961
5559
592
729
61
529
592
52
52
52
489
936
6569
929
691
619
777
952
7779
974
61
529
691
619
961
619
9869
961
529
591
819
691
889
919
959
592
16
15
52
52
529
693
579
952
99669
919
92
9919
961
61
619
691
26
15
295
926
169
915
296
915
298
9955
691
819
677
691
8889
592
25
61
26
619
691
459
99979
594
7579
5955
7779
555
919
9869
9999
961
25
52
169
952
52
52
396
962
8669
961
9776
6695
52
72
729
954
51
61
529
952
379
792
729
9555
529
555
929
592
169
919
555
962
16
15
295
961
61
61
479
691
3999
974
9555
591
297
925
889
692
25
62
159
961
82
81
539
655
667
9569
952
52
189
9299
5589
916
26
195
925
26
16
159
929
952
9555
691
7779
925
7789
9555
7779
692
25
61
269
951
829
592
179
981
539
666
919
951
7579
952
529
952
62
159
961
82
52
529
919
592
659
9559
691
819
929
592
529
952
269
951
259
961
82
52
197
981
539
666
888
693
6669
952
8789
592
15
269
915
25
296
952
839
926
7589
666
952
18
52
61
9677
592
61
259
925
61
61
61
479
961
659
591
619
691
8889
66
961
61
16
25
269
981
52
52
398
591
6669
55
972
179
691
62
779
952
15
529
592
529
916
529
963
529
996
961
7779
5559
819
592
46
61
269
951
529
961
61
619
691
619
983
74
8559
951
99679
972
62
529
62
52
15
259
926
52
839
981
369
556
952
529
918
51
629
592
62
51
25
296
916
15
296
952
189
591
529
927
295
962
7779
961
269
951
25
269
952
649
666
951
179
691
8589
9669
7969
691
619
961
159
926
52
52
52
369
666
9559
961
819
558
692
629
8959
928
52
61
25
269
961
619
691
849
555
777
555
919
952
729
961
99889
951
51
269
952
52
53
62
6669
961
5589
952
729
919
9759
855
952
519
269
915
52
529
592
52
839
5669
99889
656
961
289
777
591
8669
961
25
269
915
269
915
52
63
52
7559
961
7889
961
297
555
962
71
61
25
52
619
691
619
961
61
749
555
799
952
6779
961
7669
951
25
269
915
25
296
952
8669
952
589
5
691
819
929
692
729
691
52
51
62
52
52
36
498
952
629
952
99779
691
529
592
9777
981
25
25
269
952
52
529
9999
983
719
9666
619
996
961
819
929
592
25
51
62
52
52
539
66
655
691
819
767
692
729
951
7779
974
16
25
25
269
691
61
5579
961
479
961
6889
919
578
916
4999
691
25
62
52
52
52
539

929
9869
983
16
529
962
529
677
927
159
961
529
592
379
792
72
555
9666
9669
961
529
919
9956
952
189
61
259
592
529
592
52
839
9666
619
962
9989
929
919
592
9777
591
159
962
61
81
52
397
792
9955
529
6956
619
952
589
961
7789
692
51
52
52
52
519
962
739
693
966
951
9777
5959
691
819
929
592
51
269
916
619
691
61
849
974
829
891
269
5955
7679
591
8589
591
269
952
52
52
53
629
9994
52
99569
961
8789
961
8789
656
788
592
25
26
159
925
296
952
8669
952
189
591
99789
692
519
961
25
619
16
15
259
925
26
52
839
592
559
962
729
961
9677
952
9677
961
159
592
529
952
63
639
667
952
189
951
279
9966
8979
935
519
891
16
52
52
52
53
26
739
891
559
556
691
9797
769
9991
619
952
159
926
15
26
196
915
269
952
189
951
279
9669
9991
61
298
591
61
529
952
52
529
952
719
983
666
61
619
961
889
951
7679
691
25
269
952
15
269
952
489
952
6669
949
691
73
9949
927
819
692
16
15
295
925
259
926
839
916
6889
666
919
952
529
66
691
81
61
25
295
592
729
981
539
961
859
692
52
529
692
529
677
9992
52
61
529
952
529
592
739
983
719
656
88
656
961
52
529
592
51
62
15
52
52
63
839
6669
8889
666
888
666
691
52
7789
591
26
51
52
61
619
961
397
945
8559
55
929




519
16
25
16
61
64
71
619
5955
579
691
619
961
9555
894
19
952
25
61
259
925
269
952
839
592
489
936
8579
952
629
766
592
52
62
159
592
529
592
52
839
5669
7589
9659
961
819
777
556
952
529
26
159
925
296
961
61
489
594
9969
9559
961
819
767
951
297
961
26
51
52
52
52
529
9759
983
719
656
9889
9669
952
52
529
592
62
159
952
529
952
52
839
9666
6789
55
961
279
927
619
878
951
51
25
296
952
52
52
539
962
759
592
529
691
779
962
7889
961
16
25
159
961
61
61
61
64
519
9955
777
691
8889
974
82
74
159
926
52
52
53
629
9669
691
519
952
7779
952
7679
5595
7889
951
159
926
52
619
691
619
9999
961
379
974
955
961
99789
951
8889
691
26
159
592
529
952
52
719
983
6669
951
9677
5959
961
25
9929
691
159
961
52
61
61
619
888
972
8579
926
36
5569
951
61
9929
691
51
529
592
529
591
296
766
9993
279
566
9769
891
977
984
74
62
15
52
61
52
73
729
972
9555
665
9956
691
529
788
691
779
9992
16
25
52
52
53
629
666
692
19
599
961
529
919
961
529
952
15
62
15
52
72
379
972
555
9666
9559
972
179
677
592
5889
692
52
52
52
52
539
926
579
962
6889
666
691
619
578
962
198
981
52
61
52
52
529
981
539
666
5969
952
9777
555
919
592
889
692
15
296
952
52
169
952
859
692
839
566
952
529
585
962
159
592
26
159
952
529
952
52
839
766
885
766
952
259
929
961
99779
972
62
52
169
951
829
981
539
963
6669
55
691
529
919
952
529
592
15
296
916
619
961
61
74
5559
67
951
297
961
7679
925
629
591
269
951
52
61
61
619
9759
961
379
945
519
961
889
951
589
692
269
915
259
952
529
952
839
9666
8889
566
929
952
729
961
2999
691
159
962
52
15
26
52
839
592
8679
566
919
866
952
1
619
592
25
26
195
926
169
915
529
952
869
592
7679
592
9677
592
8559
961
52
619
592
529
952
529
777
981
379
972
1
6669
9556
519
995
592
25
16
25
26
52
52
956
962
529
99959
961
679
962
16
9919
972
26
15
529
952
52
52
839
9666
8889
566
961
279
929
961
6779
691
62
52
15
26
16
195
766
915
9949
961
619
691
9777
692
9969
961
62
15
52
529
952
81
539
9666
297
9559
592
52
529
766
961
629
15
61
269
961
61
619
949
974
6559
951
769
951
9677
792
6669
962
26
15
25
25
25
269
8969
952
489
916
99679
591
81
61
9677
691
25
25
269
961
61
61
749
961
6669
951
779
655
88
592
7889
961
61
259
952
529
592
52
739
983
159
666
929
919
77
952
819
692
62
52
52
52
53
81
539
591
7669
9966
961
62
199
52
5889
951
51
26
195
952
529
963
966
555
952
529
766
972
489
917
298
591
269
915
529
952
529
952
839
9666
8889
566
691
819
929
952
629
952
62
51
529
952
52
529
9759
983
719
6966
619
691
739
961
29
691
15
296
952
52
53
62
9566
9569
792
197
9859
949
6979
565
952
729
25
26
619
981
529
592
197
981
53
666
189
962
9989
592
179
591
159
961
259
592
729
937
72
559
566
556
952
529
919
666
915
62
16
159
925
529
972
51
529
6966
99589
969
961
729
858
929
778
983
15
52
619
592
529
693
839
952
6669
962
9776
9559
952
52
7779
591
16
52
159
592
52
36
379
792
955
952
5779
666
766
691
99779
962
62
159
592
529
592
52
739
983
159
691
99589
962
2999
7969
961
819
52
52
52
52
539
926
7679
566
788
566
929
919
929
919
899
952
52
16
619
981
529
952
669
952
39
951
859
667
919
566
961

61
529
592
529
592
529
666
55
961
296
961
62
52
71
629
972
25
25
269
952
52
81
539
962
6669
555
929
919
888
691
295
692
26
52
52
52
52
539
7969
952
64
159
961
61
779
928
6889
951
15
26
195
961
61
61
8679
961
54
61
519
961
889
961
819
981
52
16
61
81
529
592
99669
952
5669
691
819
952
679
555
929
917
25
159
962
52
52
53
279
666
877
555
919
99969
961
61
28
819
61
259
925
269
952
529
666
9199
619
929
77
691
99889
951
6789
961
159
952
529
952
529
693
689
962
8589
656
961
298
666
977
1999
962
26
15
25
295
926
52
7569
952
589
599
961
289
917
629
592

269
951
25
295
926
52
7789
981
53
656
52
52
9677
691
7679
591
62
52
15
259
925
296
969
952
289
56
792
195
952
52
819
692
269
952
15
269
691
61
749
691
5889
954
5789
951
859
691
629
9991
15
61
61
82
52
397
792
559
9955
556
592
52
7779
952
19
962
15
25
62
52
53
2
819
926
9666
951
289
918
289
952
955
792
16
52
52
52
53
26
489
952
498
6669
8889
66
952
52
9777
592
159
961
61
82
52
52
3999
952
6669
962
8589
961
7589
952
99779
592
15
26
15
269
691
61
619
935
559
952
629
952
529
961
52
619
61
52
52
52
52
52
739
983
719
5966
519
692
1999
961
529
591
61
25
295
961
61
61
5779
954
5779
691
966
951
529
981
819
981
15
296
952
52
16
52
839
963
5789
926
52
4999
592
52
749
792
51
62
169
691
619
961
74
555
6779
951
967
952
19
558
929
691
16
52
15
259
926
52
839
592
759
655
691
28
8789
666
997
692
62
52
159
961
61
61
6789
954
5779
945
7679
951
519
951
81
519
26
52
15
269
916
195
929
592
529
959
961
52
819
925
6559
692
61
259
925
295
926
52
839
952
839
566
88
699
691
279
937
61
51
52
619
952
529
963
839
592
9566
929
989
558
952
52
159
962
15
269
952
619
691
619
99959
952
8559
961
99779
952
49
952
769
951
52
61
529
961
61
61
619
961
295
9559
961
52
9919
961
61
619
159
952
529
592
16
52
739
963
639
55
961
52
7779
692
9777
592
62
52
52
52
53
269
9966
961
519
929
7989
919
949
555
919
691
159
961
529
592
52
399
19
6966
955
961
2999
952
9777
556
961

15
296
952
61
619
961
869
961
379
9555
519
9589
929
692
819
952
52
619
952
529
952
83
6669
592
6579
961
8789
691
6889
962
9979
962
159
592
61
52
52
369
9999
952
5679
691
279
6
939
929
577
962
15
62
15
26
15
529
995
962
7559
929
5979
665
962
52
379
917
26
159
592
529
592
81
539
925
6669
691
295
981
529
891
819
981
51
61
259
952
729
937
729
9555
966
555
777
592
9949
691
994
52
62
52
169
916
61
61
84
819
555
692
469
692
18
529
9779
951
269
952
52
52
53
62
649
592
9949
691
879
9956
6979
692
8889
951
25
62
159
961
61
61
61
649
919
555
77
952
81
955
962
84
51
269
951
26
52
52
36
529
996
9679
8
963
9919
952
729
961
52
169
952
52
52
369
699
952
279
9659
929
919
7
962
7579
591
61
52
529
952
529
916
759
592
498
692
529
952
677
5569
952
52
15
295
926
52
52
369
9859
927
819
566
6
592
72
966
961
629
269
952
51
529
972
81
539
963
859
692
859
962
9919
699
919
592
269
952
52
52
52
53
297
983
719
6669
8889
666
888
666
888
961
269
952
159
952
52
52
839
666
888
666
952
52
19
7979
692
619
15
269
916
51
829
937
729
952
9555
9666
629
919
8969
961
7789
962
269
952
159
961
61
61
61
64
519
55
777
691
8559
952
8589
952
25
26
195
961
61
61
479
961
8889
9556
519
592
819
929
592
52
159
925
26
195
926
52
389
952
8679
566
929
919
8989
691
5889
962
25
61
25
61
82
529
969
952
529
9955
961
819
778
893
9666
962
61
25
259
926
619
961
619
961
99559
591
99889
961
8889
5559
9666

15
295
962
52
52
369
9859
926
629
692
197
5
961
52
7779
961
51
26
52
52
169
952
839
926
7589
963
679
691
7889
9655
8779
691
16
15
259
592
529
916
397
972
955
556
961
629
878
692
779
592
25
269
915
25
269
952
659
566
961
72
729
691
729
591
629
951
159
952
529
592
639
963
289
916
8579
592
289
666
929
592
19
952
26
15
259
925
26
52
819
952
498
936
6669
792
729
666
691
619
51
61
259
961
829
937
729
594
9666
9556
619
691
61
61
8889
964
269
915
529
961
619
961
459
592
198
951
7679
55
919
99989
577
591
62
159
592
529
592
52
839
9666
8889
566
961
27
629
951
7789
961
61
529
592
52
52
52
719
983
71
666
659
691
6789
961
889
951
52
52
52
52
53
296
677
5966
8889
666
929
952
9919
929
952
52
159
962
16
51
25
529
936
52
739
591
99779
556
891
62
18
81
52
51
62
52
53
25
839
591
99669
592
1999
972
555
52
52
52
269
952
159
952
72
81
53
63
9666
9955
691
629
989
656
952
639
26
15
529
592
529
952
839
9666
8889
566
961
819
929
592
629
952
26
195
592
529
952
52
719
983
7679
792
81
666
9555
891
81
81
52
15
26
52
169
952
839
952
729
656
961
9929
952
619
9779
929
25
61
26
61
61
495
76
915
6669
951
819
692
619



61
529
592
529
592
81
539
666
996
929
9977
962
8779
5969
8979
592
62
51
259
926
619
691
489
891
839
6669
519
961
2
5559
961
61
52
52
52
52
539
926
7679
9656
519
961
6889
592
99779
592
5589
928
51
529
592
52
519
926
739
693
669
951
9777
555
952
61
99779
961
159
962
52
15
296
952
839
926
52
629
952
52
9777
962
8579
592
269
951
529
952
52
52
397
983
719
6966
8789
972
6559
961
29
952
269
915
259
925
296
952
6579
952
859
755
691
819
929
972
99569
692
62
15
259
925
26
52
649
692
19
951
99789
5969
9769
952
849
691
16
52
52
52
53
26
498
952
489
666
929
919
888
6669
7779
952
159
926
159
926
196
915
269
952
619
592
889
891
279
9556
198
981
52
619
592
52
81
53
629
9666
689
691
298
99969
952
52
529
592
61
529
952
529
952
52
719
983
719
666
888
666
888
656
878
592
16
159
925
26
619
961
6889
936
619
5959
961
61
8889
5989
678
952
159
952
52
52
52
63
739
963
63
629
951
81
297
962
7579
929
159
592
529
592
16
629
939
963
29
9199
519
962
589
692
5789
592
269
915
259
926
619
691
9949
961
7889
945
9555
996
961
289
9789
961
25
62
52
52
52
539
969
948
6669
9669
952
51
7779
592
19
972
52
169
691
81
529
952
99669
952
5559
692
729
9569
692
529
961
629
62
15
529
691
619
961
99579
691
379
945
519
961
889
951
298
692
159
592
52
52
169
692
639
952
99569
961
819
929
919
691
9929
692
52
61
529
691
61
619
995
592
189
962
5889
692
52
6669
927
729
26
159
952
529
592
529
666
9956
961
61
619
981
6669
951
619
961
61
529
592
619
691
619
855
962
5889
9659
961
296
963



52
52
52
52
539
926
9979
666
888
6956
8789
9659
961
819
7979
962
16
52
51
52
72
53
819
9666
689
592
519
6
9789
592
99779
961
269
952
159
925
296
952
819
592
99579
556
961
28
719
6966
279
692
15
26
169
961
619
961
379
945
889
891
5589
655
592
729
5969
592
16
25
26
61
619
961
549
954
9919
961
5889
961
8889
791
9959
893
52
61
52
529
592
52
739
983
719
9566
7779
555
691
62
198
981
25
25
62
52
52
529
5979
939
5979
983
7579
655
592
52
5589
792
269
915
25
52
729
981
539
592
9666
55
691
52
1999



62
159
952
52
52
52
529
983
659
692
8589
692
9667
952
7889
792
25
26
15
269
916
15
5779
691
61
99559
961
61
8889
9992
7589
592
51
269
915
296
915
529
963
529
866
951
298
951
279
962
5589
692
25
25
269
952
52
52
839
963
6669
929
952
189
99979
692
789
962
52
15
61
25
269
952
369
962
19
951
977
99955
2999
952
619
691
15
52
529
592
639
692
398
916
5789
952
859
962
9558
962
99559
792
25
16
16
61
64
719
961
555
298
951
5889
555
929
981
589
962
51
26
195
961
25
25
259
692
29
962
859
692
8889
592
99589
691
15
295
962
61
61
61
529
592
179
951
99797
566
961
51
2999

51
26
61
819
592
52
99669
952
559
961
819
9666
62
52
619
692
26
15
295
925
295
926
819
952
498
936
9666
981
819
591
289
952
26
195
925
25
26
52
819
592
839
666
919
99969
961
829
877
692
62
159
925
296
952
529
9993
529
56
691
289
591
289
592
519
962
61
25
259
592
729
981
539
666
6
5959
961
819
9779
592
779
962
16
52
15
25
26
52
839
9666
99589
952
529
591
8589
916
789
952
61
259
925
529
592
52
839
566
88
666
927
259
91
619
777
952
269
952
52
52
52
529
567
893
649
592
7679
961
5889
952
589
592
62
15
259
961
61
61
5779
691
7589
954
6889
951
51
966
917
619
269
951
52
619
691
61
379
945
9979
555
929
592
197
952
977
962
15
61
52
61
619
691
397
945
955
995
961
269
961
529
952
52
62
51
269
961
61
459
855
962
189
55
592
619
9779
919
9679
951
25
16
15
52
729
972
64
655
9555
691
289
951
289
951
819
952
51
26
169
961
61
61
379
945
669
951
519
961
7779
951
61
72
25
16
52
52
52
539
6969
656
972
179
961
62
8889
961
859
952
62
52
52
52
53
25
397
592
498
936
529
592
629
952
729
792
52
619
952
529
952
529
9579
893
529
6669
629
592
1999
952
7779
692
15
61
269
951
259
592
729
953
5569
929
7959
961
5559
952
619
691
159
961
529
592
739
972
72
555
529
555
9779
99959
961
619
972
529
159
925
269
952
52
3
719
779
729
952
5559
592
49
5559
9919
952
52
169
916
619
961
61
849
9555
9777
555
952
52
189
952
7779
962
159
952
529
952
169
963
629
963
839
56
961
529
788
929
7
691
15
52
529
592
639
693
29
592
6589
929
8989
699
592
529
5959
915
26
51
259
961
829
981
539
655
766
5959
961
619
7979
961
279
982
26
159
961
829
952
529
919
592
669
951
9767
951
967
952
819
952
61
259
592
52
529
916
839
952
99579
655
961
819
929
592
52
52
16
51
259
952
529
793
729
917
729
555
666
591
99789
591
297
962
61
529
952
52
52
52
719
983
719
9656
7779
972
649
9955
919
691
52
61
61
61
61
61
74
555
7889
655
919
567

962
839
592
159
961
61
82
52
529
939
592
966
691
259
594
297
952
189
691
26
195
952
529
592
81
539
951
7669
6969
961
529
949
952
9949
961
62
15
25
26
61
619
9869
961
619
592
9979
961
6669
91
689
961
16
52
16
51
829
937
729
99559
529
666
5
961
619
961
5579
691
62
52
15
25
26
52
649
952
956
961
8889
951
7679
691
6779
692
159
926
159
925
269
952
6669
9559
972
1999
88
592
5889
9666
99779
9299
159
961
259
952
529
937
729
917
729
5955
6569
692
1
619
77
691
52
16
52
52
52
36
498
592
6569
592
729
961
6789
92
99789
952
16
51
25
26
52
53
639
925
8669
929
959
961
289
915
2999
952
62
51
25
269
916
15
529
952
955
961
9929
952
8779
972
197
962
26
159
592
52
529
952
6669
9659
961
61
8889
952
197
962
9777
691
16
52
159
925
25
269
8969
592
99679
961
99889
555
961
819
777
983
51
529
952
529
951
62
739
693
9969
5959
792
197
961
62
189
981
269
915
25
529
592
52
839
5669
889
656
961
819
788
666
9789
952
51
61
259
592
729
937
72
549
655
952
8569
919
558
952
19
792
16
25
15
529
972
72
539
891
5669
655
776
961
295
592
529
691
15
62
15
295
926
52
839
592
5579
692
52
6559
962
52
52
539
62
159
926
169
961
619
555
961
719
961
99559
858
919
961
819
952
51
259
962
52
52
36
489
952
839
666
919
99969
961
26
99889
9199
15
52
52
52
639
952
639
952
8669
961
99779
952
889
961
529
962
269
951
529
961
61
619
961
61
749
961
298
6959
961
529
939
961
25
62
16
61
61
619
888
918
719
981
5679
925
5669
591
977
691
61
259
952
52
52
52
5669
6959
691
819
996
952
8559
691
29
691
159
592
52
52
639
952
639
952
769
592
977
962
529
555
952
51
62
52
52
52
53
25
379
952
83
6669
927
9929
919
592
6779
592
26
159
592
72
81
53
6559
6669
279
9955
929
919
777
952
8589
691
62
159
592
72
81
53
639
691
6569
5959
691
269
919
592
8589
951
15
62
619
981
529
937
729
559
529
5955
977
9955
691
619
777
691
52
619
952
52
529
952
839
6956
879
655
961
819
777
566
961
62
16
159
925
295
926
52
529
694
99669
952
8779
952
99779
5955
7779
591
61
25
259
961
61
61
479
961
99679
951
619
691
62
529
791
72
51
26
16
51
82
729
972
539
655
566
78
961
279
555
877
591
15
296
952
52
53
26
579
952
99589
962
629
792
629
592
7789
692
26
195
925
25
269
952
819
952
839
666
888
952
629
9999
592
529
26
15
25
296
691
619
594
61
179
691
189
919
766
961
729
691
159
592
529
952
196
952
739
692
379
693
197
555
919
792
619
972
25
269
952
52
52
53
279
981
379
6955
7789
656
961
29
599
691
52
15
26
52
52
52
539
692
869
592
9666
963
269
935
7669
691
52
619
592
529
952
529
9579
983
6669
995
961
61
779
972
5889
951
62
52
52
52
53
26
859
926
8579
565
592
72
729
972
629
592
62
15
295
592
529
952
839
566
88
962
529
666
972
519
9779
692
16
159
952
72
72
5559
929
9566
8669
692
99789
5969
592
169
691
819
52
16
16
61
619
961
74
5559
767
591
7579
961
298
566
588
692
15
25
62
52
169
952
839
952
6789
566
919
592
819
691
729
691
61
52
529
961
619
691
759
961
7579
566
788
961
619
691
9555
951
52
61
52
52
529
952
839
9666
8889
666
919
961
7889
666
919
952
15
26
52
52
52
36
498
952
99779
666
888
666
877
951
61
61
16
25
52
159
926
52
589
962
6669
952
729
9659
961
619
691
61
52
169
952
159
926
52
839
592
8669
592
629
929
5
799
777
962
26
52
52
52
52
53
297
983
5669
9559
691
819
7
952
6669

269
952
169
961
61
619
8989
891
99789
981
5579
591
6669
591
61
62
52
52
52
52
539
962
6789
666
929
691
519
592
8779
591
99779
91
51
61
25
295
926
52
519
692
9959
691
9777
655
888
961
5559
692
52
61
529
961
619
961
5779
961
379
945
5779
855
9569
919
891
81
52
52
52
52
53
296
677
656
858
6959
961
61
397
952
779
962
15
61
259
592
52
36
389
952
9666
961
819
962
5779
928
5889
962
269
915
296
691
619
961
99889
954
8679
566
951
619
5959
989
8979
951
62
51
52
529
592
529
9759
983
159
9669
929
792
5569
928
52
529
62
159
952
529
952
52
839
9666
8889
566
691
296
767
952
189
792
62
52
52
52
53
81
539
951
6679
9955
961
819
777
962
9929
961
15
296
951
25
296
952
529
952
669
952
99889
591
529
592
529
592
26
52
52
52
52
53
297
981
539
9666
9929
691
2999
891
9929
952
159
926
619
981
529
592
99669
952
8669
951
529
996
952
629
667
929
159
926
15
259
926
52
839
592
579
555
952
529
952
196
566
962
62
159
926
619
961
619
954
619
5959
995
961
269
961
81
498
981
269
951
259
952
72
81
539
963
859
692
196
961
9929
952
9979
692
15
26
169
951
829
592
39
592
99669
952
6779
9669
961
529
9889
952
61
25
529
691
619
691
6589
592
8679
555
981
629
8969
961
829
9199
15
296
952
159
926
52
839
592
6589
566
858
951
529
981
739
971
15
259
926
52
52
369
6989
952
589
692
9919
959
9299
629
9977
691
51
61
529
592
37
729
792
54
6559
655
776
951
889
691
296
962
16
25
25
61
61
61
64
15
955
961
8789
692
889
55
929
592
15
529
592
52
169
692
369
693
9919
951
99779
952
7669
951
839
951
51
62
15
61
25
52
729
935
639
55
952
61
6779
555
952
51
52
169
916
619
961
61
74
5559
67
951
629
952
179
961
729
961
51
62
51
26
195
925
259
692
7789
555
952
52
5889
916
169
692
51
269
691
81
52
529
939
592
6569
962
7789
655
952
196
997
591
62
15
295
926
619
961
849
594
6669
919
959
692
1999
691
3999
891
269
915
259
952
729
981
539
666
99969
9955
961
61
8889
961
7589
692
269
952
52
52
52
53
279
983
6569
952
2999
962
529
961
5889
592
52
15
296
952
169
952
639
692
63
619
6979
9666
159
9889
9977
952
269
915
52
729
981
53
5559
9565
7679
9659
961
529
952
529
952
619
61
25
52
619
691
61
397
945
61
519
9669
951
8889
951
99789
951
52
169
952
52
52
369
9589
926
5789
916
9929
952
8789
692
6669
692
52
16
51
269
952
52
379
915
966
919
929
952
9667
961
279
591
51
52
61
529
592
63
839
692
639
952
6889
929
777
9555
859
692
25
62
169
961
61
61
849
594
99669
951
619
951
99889
961
8789
591
16
51
25
259
926
52
839
963
829
666
961
81
99669
656
929
918
269
952
52
52
52
539
9669
566
961
81
8789
555
788
952
179
952
25
269
952
15
25
26
579
592
839
655
961
819
778
983
6669
691
15
26
196
951
82
729
972
53
9555
666
592




519
15
25
62
52
53
2
819
9666
9667
692
8679
591
819
981
819
591
269
915
295
926
169
915
279
961
549
9669
952
159
9779
5955
81
829
51
61
269
961
61
61
397
945
5559
591
29
9555
629
961
61
529
52
61
529
691
619
961
4999
961
679
591
669
961
619
948
992
81
25
62
15
529
952
529
8969
893
529
666
929
952
99679
9779
7959
952
51
62
52
52
53
629
666
962
179
951
779
951
519
691
889
951
61
25
26
61
619
954
9929
691
8559
692
5889
592
879
962
859
592
16
25
25
52
53
27
729
656
952
955
792
9949
6
951
9777
961
51
26
52
15
26
52
589
962
8579
666
919
7959
929
969
919
691
61
52
52
529
952
52
839
566
8989
666
929
592
529
591
629
962
269
951
529
961
61
61
619
691
749
961
198
591
889
691
619
951
16
159
926
196
691
61
619
974
9555
961
19
951
2999
555
929
972
15
52
52
529
693
63
529
592
7679
9956
691
619
8989
915
8779
952
26
52
159
926
196
915
8679
691
5779
945
529
951
9929
952
819
591
16
51
25
52
529
963
839
592
6669
691
81
629
99979
925
7889
691
61
25
295
592
529
952
839
566
558
962
729
972
72
62
779
962
269
915
52
61
61
61
9949
691
619
961
619
591
9969
951
679
915
159
592
52
52
63
639
996
952
589
962
529
952
99579
926
619
981
269
915
25
25
269
952
649
952
659
961
8889
952
99679
691
9777
962
26
159
925
26
169
915
296
952
189
9559
799
962
99779
692
3999
951
61
25
52
529
952
81
539
6669
297
5969
691
52
9777
952
759
592
25
269
952
52
71
81
539
693
99589
962
9989
6966
19
929
952
52
25
62
159
961
61
61
479
945
8679
961
379
555
691
529
788
981
269
915
269
961
61
61
5559
951
6779
691
8789
594
6789
9991
519
691
25
159
926
52
52
529
566
927
966
855
972
629
77
555
952
18
26
159
925
295
926
52
819
952
839
666
592
529
919
939
666
962
61
259
925
269
691
61
619
691
519
961
99889
591
479
591
297
961
269
915
52
529
952
81
539
9666
297
6969
919
891
9677
555
777
592
25
26
52
52
52
52
839
963
859
6669
529
952
529
9777
279
962
25
62
52
52
52
539
567
928
6669
6969
952
719
878
962
99889
952
16
159
592
52
52
52
5679
692
739
9559
691
296
961
52
99889
961
26
159
925
295
926
52
589
983
179
6559
7589
667
691
297
9579
692
15
26
159
926
16
15
529
963
6589
929
666



269
962
269
915
269
961
61
549
929
961
619
555
961
62
7779
691
789
691
16
52
15
269
916
159
9589
692
52
529
927
295
677
9966
961
82
51
259
926
52
52
36
489
592
189
666
888
666
8989
666
788
962
62
159
925
52
529
952
839
566
855
692
99589
916
99589
981
629
962
62
51
269
961
61
61
849
555
777
5955
9777
951
8779
555
952
61
26
15
52
619
691
619
949
691
619
555
877
555
954



16
25
159
925
269
952
839
592
99579
566
961
61
559
952
19

269
952
52
52
52
53
839
962
6669
9559
972
17
279
952
779
691
15
269
952
52
52
369
9759
952
6589
99959
961
819
929
692
729
691
26
51
259
952
529
952
839
666
888
666
929
919
788
961
629
691
52
61
619
691
619
961
619
974
259
945
579
961
61
629
972
61
159
961
52
52
529
936
389
962
9989
666
962
159
9789
951
789
916
16
51
269
951
259
952
729
593
9556
691
298
951
9929
692
529
692
26
52
52
52
52
52
397
983
159
666
952
72
99669
929
8989
961
15
26
196
951
82
72
72
53
9555
666
577
9569
961
6779

951
16
159
592
52
52
63
639
962
297
6969
961
61
7779
5955
479
954
25
62
15
26
61
619
594
52
99589
961
297
599
919
592
529
592
62
159
925
529
792
81
539
9666
529
5969
961
819
78
952
5779
692
15
62
52
159
926
52
529
952
529
6969
691
819
777
92
8889
891
62
159
592
529
952
81
539
6669
9929
691
6779
961
779
945
9929
961
269
951
52
529
961
529
877
972
81
64
5559
592
9989
766
5969
952
51
26
52
52
52
36
498
952
169
952
25
629
7979
928
729
691
52
169
915
529
792
51
529
6956
297
9956
691
52
4999
7959
878
961
15
26
52
52
52
369
666
92
629
919
888
5669
8579
591
279
961
52
51
62
52
52
36
498
592
956
592
529
952
8789
962
6789
692
159
926
15
295
926
52
52
54
9929
592
8589
962
5559
692
99559
962
159
962
159
926
619
691
619
691
629
951
7679
951
7889
794
849
925
61
259
926
61
619
961
849
5955
519
961
9929
691
889
591
8779
692
61
25
259
952
529
952
839
9666
8889
566
691
297
9966
917
29
691
25
62
15
61
61
61
479
691
955
961
619
961
9929
961
8889
692
26
159
925
269
961
619
959
961
179
961
967
591
8779
925
889
972
26
52
52
619
961
619
949
961
679
951
977
925
519
691
619
591
51
269
951
25
296
952
5669
5959
952
52
7779
952
5889
952
779
952
269
951
25
25
296
952
839
952
839
666
888
66
691
9979
927
819
269
952
15
295
925
269
6989
592
839
962
529
962
729
691
529

51
62
52
52
53
629
666
961
297
961
778
74
5669
962
8559
962
25
62
51
259
926
52
839
952
49
893
6669
962
197
925
298
592
61
25
295
592
52
52
839
566
8989
9669
692
72
45
619
877
692
51
62
52
52
53
269
969
592
559
692
779
599
961



269
952
159
952
729
981
53
9555
799
591
7669
952
9667
962
879
972
159
926
51
259
926
52
839
592
8679
566
929
919
949
961
729
961
62
52
159
952
729
981
539
963
99589
962
16
619
929
929
969
952
51
25
296
952
52
36
629
964
955
952
977
592
7579
925
7679
591
61
25
259
592
52
52
839
566
887
9666
52
629
929
9966
691
819
25
25
269
952
52
64
689
592
489
962
529
952
767
629
9679
951
269
915
25
529
792
81
539
961
859
962
6669
952
8679
919
9967
952
52
619
952
529
952
529
9869
983
666
9949
691
619
8989
9991
5789
692
269
915
269
691
619
594
689
961
8559
99959
691
81
6889
952
7669
692
62
51
529
972
539
981
539
962
9666
951
967
691
679
591
9555
9299
62
15
296
691
61
549
855
692
489
55
961
819
7969
929
7889
169
269
951
259
592
529
592
839
666
888
666
919
576
961
259
555
951
52
15
269
952
52
36
629
694
955
952
779
592
729
555
952
51
159
926
159
952
529
963
839
692
8579
592
298
962
7679
55
878
592
269
951
25
529
792
81
539
963
99589
962
6559
691
72
619
952
52
159
961
52
529
961
529
856
692
739
5959
9977
961
8589
6966
8889
692
269
915
259
926
52
52
369
952
2999
692
589
951
6779
666
919
592
269
952
159
926
61
619
7959
691
759
961
289
925
849
656
951
529
51
52
529
592
639
592
769
963
8579
555
961
298
777
951
9555
972
51
25
269
952
16
52
369
962
595
592
19
592
81
81
81
81
61
259
925
61
61
61
459
961
189
9955
961
529
792
819
946
51
51
269
952
52
53
259
5979
951
8679
556
961
819
9955
692
9959
962
25
26
52
52
52
529
9869
936
819
952
529
792
6669
962
99779
962
52
61
529
691
619
691
8559
962
5589
691
2999
962
9677
952
619
961
52
619
952
529
952
52
839
656
855
692
279
556
962
169
951
529
62
52
52
61
619
691
5579
952
8559
929
555
962
729
929
888
891
26
51
259
925
296
952
649
692
99559
855
777
692
977
949
55
972
62
15
529
592
52
16
869
952
498
655
691
819
929
692
529
952
51
26
15
269
915
52
729
935
6559
929
997
925
5559
692
1999
961
16
51
259
961
829
937
72
55
529
555
7979
56
952
52
1999
952
61
529
592
52
529
916
398
592
579
556
961
289
919
952
9677
592
159
592
52
52
52
63
9777
972
579
972
6669
945
8679
691
9555
591
25
61
25
296
691
619
594
61
179
691
197
951
869
6966
8889
952
62
52
15
52
729
981
539
963
52
9666
919
691
819
929
885
961
25
61
259
961
82
81
539
5956
7669
9559
961
819
677
9992
7889
983
25
269
915
269
916
195
952
52
99589
866
961
5559
952
52
819
952
159
926
52
52
16
52
839
592
8679
566
929
592
529
592
8589
592
62
15
25
295
926
16
529
594
7669
961
81
669
918
629
777
962
269
915
52
529
952
52
719
983
666
619
961
529
88
9759
7
691
269
951
52
529
592
529
777
981
379
926
7589
656
78
9555
99779
948
16
15
25
269
961
61
619
961
297
794
99559
951
8889
981
889
691
15
269
952
15
26
52
839
952
99779
9666
519
996
952
51
8889
961
16
51
52
52
52
63
839
962
859
655
952
52
52
52
52
52
51
62
15
26
15
529
792
6569
9559
558
929
952
789
962
619
691
16
15
25
296
952
529
9659
962
8579
962
19
592
298
592
529
592
25
61
259
926
61
619
594
61
179
961
189
951
889
691
8789
952
15
269
915
295
926
52
839
592
6669
692
9989
919
691
2
99779
952
15
26
52
52
53
2
819
9666
629
5
691
819
777
555
7979
962
61
529
952
529
952
52
529
983
659
996
592
52
879
952
629
592
61
52
52
52
52
169
9689
592
489
655
961
819
929
692
729
962
25
61
269
691
619
945
679
951
669
591
579
891
839
9956
961
61
61
259
925
52
529
952
839
9666
8889
566
961
27
629
919
961
61
52
15
296
952
169
952
639
692
3999
755
961
729
767
9955
961
619
269
952
16
169
961
61
849
5955
99679
692
8789
946
5589
952
99779
952
52
61
52
61
619
691
619
935
9919
591
7679
951
289
855
8969
591
159
952
52
529
916
52
9666
5959
691
819
777
963
9929
952
7779
951
26
15
529
592
52
52
19
983
169
566
691
529
919
592
529
961
61
52
529
592
529
592
739
983
719
6669
519
961
819
951
6779
952
159
962
15
25
269
952
639
962
198
951
298
962
7789
656
919
961
51
61
26
196
961
619
974
5559
667
951
19
558
961
51
529
952
159
925
62
52
53
2
819
926
9777
792
52
61
556
566
99889
962
25
62
619
981
52
81
539
6669
5559
691
289
591
289
592
52
629
51
26
51
25
296
952
839
926
7589
666
919
961
589
952
729
952
52
51
62
52
53
26
489
952
839
667
962
9919
952
9666
691
619
26
51
25
296
952
64
529
964
99559
996
952
889
929
919
9559
692
26
51
25
269
916
159
9759
592
61
619
891
519
8969
9991
789
591
52
61
52
529
952
81
539
9666
29
691
9677
592
967
591
8889
951
159
961
269
691
61
619
949
974
6559
951
9555
9669
962
819
592
529
269
915
25
295
926
52
649
692
769
691
9677
592
6779
5955
7789
691
26
51
529
952
529
952
9919
983
179
655
777
951
619
952
519
891
159
926
196
951
829
793
72
529
555
655
952
529
9977
952
559
952
16
159
952
52
197
972
72
539
555
556
592
52
159
692
52
52
25
26
169
961
61
61
849
555
777
555
919
952
819
9966
919
962
25
269
952
52
71
81
53
639
666
691
397
566
919
951
529
961
62
15
296
961
61
61
549
961
5589
691
749
665
951
81
539
591
25
16
52
72
159
691
749
656
961
519
961
61
8889
961
8889
691
52
159
926
52
16
52
369
962
179
693
5789
5969
961
52
81
819
269
915
296
691
619
961
889
594
99889
981
6579
9666
519
961
61
619
16
51
529
592
529
963
839
916
529
964
39
691
9979
925
879
951
62
52
15
25
269
952
839
592
197
981
539
961
629
952
729
972
16
51
52
61
619
691
379
945
529
6969
961
52
4999
952
7779
952
51
269
952
52
52
369
996
592
279
5959
792
196
952
51
8789
692
16
15
259
925
25
62
839
952
829
666
919
969
952
169
919
972
25
52
619
952
52
81
369
916
99589
656
961
52
819
972
72
72
51
62
169
951
829
937
729
954
6559
566
758
929
766
91
689
891
51
61
25
259
925
296
9579
952
6669
929
891
619
78
692
7889
951
51
25
62
52
52
369
666
9559
9689
972
73
296
55
961
61
52
62
159
925
25
269
952
8589
936
6889
926
569
592
729
692
6779
961
51
61
529
952
619
592
369
952
739
951
279
9669
961
52
19
981
52
619
952
52
529
592
839
666
9992
61
519
961
879
918
1999
952
15
26
196
961
61
61
74
555
759
961
6679
951
9667
591
819
891
16
52
619
981
529
592
9939
592
6669
951
99779
9559
7
592
977
692
62
51
259
592
52
529
9689
793
9959
9966
691
619
952
619
691
61
52
16
159
592
72
379
972
529
556
952
659
592
489
951
555
52
61
25
295
926
52
52
569
926
7589
699
961
619
929
961


15
52
52
529
693
52
639
592
9667
929
691
819
776
961
8889
952
61
259
925
296
952
52
369
592
659
952
7789
952
19
691
289
591
269
951
259
925
296
952
839
592
498
936
7589
9666
2999
952
5789
592
61
259
592
529
592
52
719
983
6669
9966
919
891
289
951
7779
972
26
51
529
952
52
52
839
566
88
666
928
529
952
619
778
692
269
915
296
961
619
954
679
915
99679
951
519
691
9677
591
6589
961
16
52
52
52
53
269
5979
592
498
655
961
819
929
962
729
692
269
915
529
592
529
916
579
952
389
656
961
269
961
529
952
64
159
925
26
52
52
36
489
916
52
629
692
17
298
951
289
952
15
259
962
619
961
61
5579
961
739
951
7779
945
519
949
961
819
26
15
61
829
952
52
197
981
53
666
189
952
279
951
289
591
61
25
296
691
619
961
889
594
99789
918
51
81
63
9666
916
61
269
915
269
691
619
594
5779
691
5669
951
1999
951
8889
951
497
961
15
61
259
925
296
952
369
592
279
9559
691
29
899
927
279
962
26
159
925
25
26
52
589
983
719
556
877
556
691
619
9889
915
15
26
15
259
926
52
839
592
689
555
952
52
52
719
66
9399
51
259
926
52
52
53
629
951
8669
592
6789
962
8579
591
7889
962
25
269
952
52
52
52
379
983
719
566
788
666
85
692
619
952
51
269
952
52
52
36
489
592
189
666
691
819
699
929
677
961
51
269
915
26
52
52
36
529
667
591
7579
9955
594
819
981
819
159
962
51
529
936
52
739
915
859
655
961
289
952
52
52
52
26
159
952
52
529
952
839
566
77
666
952
159
981
529
949
792
269
915
25
269
691
619
594
61
179
691
8569
952
197
5
887
92
159
925
62
52
53
26
869
952
498
962
529
952
8559
591
629
792
61
25
259
961
61
61
61
649
9199
61
9666
951
8789
692
8789
692
16
25
25
26
81
52
9939
592
819
9666
51
269
952
169
9779
927
62
52
52
52
53
62
489
983
195
962
859
667
592
529
919
952
51
26
159
925
296
952
529
594
7669
961
8889
916
739
591
8569
961
16
51
529
691
61
619
6989
691
379
9994
99579
794
869
555
777
962
26
159
926
61
619
961
8559
592
5679
961
8779
9569
961
519
592
72
159
961
529
972
72
619
945
6559
566
929
919
592
7889
691
99589
691
52
61
619
961
619
961
849
974
6559
951
99789
962
8589
951
629
952
15
61
529
592
619
592
396
592
739
951
9677
9559
9779
951
819
891
61
25
259
926
16
15
529
592
559
691
629
972
19
929
7969
692
16
52
159
961
259
592
639
592
99569
961
6789
692
8889
9569
952
529
15
26
61
819
592
73
729
952
5559
9666
279
5959
691
619
888
692
159
962
52
52
53
62
369
592
29
962
99589
692
7789
691
5789
962
52
619
952
529
952
52
739
983
719
6966
519
962
529
592
189
692
159
925
296
952
52
529
565
692
8789
962
789
6669
297
929
592
729
62
52
169
691
61
619
984
549
556
961
819
925
7779
692
8889
692
61
259
925
529
952
52
839
566
9889
656
961
819
929
962
529
962
52
169
916
61
619
961
74
5559
7959
691
619
558
954
52
15
2
25
16
269
691
61
54
869
961
859
691
9919
856
961
889
8989
983
159
925
269
952
52
529
9869
936
6889
565
961
819
929
692
529
692
15
62
159
961
829
592
3999
592
99669
951
6779
951
679
952
99889
592
25
62
52
52
52
53
279
983
719
9666
8889
9666
889
666
888
591
159
961
529
592
52
36
389
952
9555
962
8559
6669
52
729
91
729
15
62
15
52
529
936
398
952
9677
656
888
9666
189
929
691
61
16
52
52
52
53
2
819
9666
9667
591
779
555
858
692
195
692
25
61
25
52
729
981
539
961
99589
692
589
5969
592
589
9559
792
15
52
52
52
63
63
289
916
529
952
25
62
99779
928
729
692
52
61
61
61
619
961
849
974
5669
591
9989
591
6789
961
879
961
52
52
52
52
53
296
677
656
888
656
919
961
289
592
289
592
62
15
295
952
52
52
839
9656
659
961
298
916
789
792
52
62
16
51
259
961
82
37
72
99559
5959
555
9779
755
691
619
58
952
26
15
52
61
61
619
9999
961
6669
961
629
755
8989
917
889
591
61
25
259
961
61
61
61
649
91
519
7969
951
779
951
9667
961
61
52
52
52
52
52
839
566
9889
692
529
952
99559
692
859
692
25
269
915
259
926
52
829
952
839
666
919
6
961
26
889
9991
26
15
52
529
952
52
719
983
719
666
888
6669
619
691
81
629
25
61
529
952
52
529
777
972
7579
981
5679
6559
7789
692
5559
891
51
62
16
51
82
37
72
549
555
6966
619
929
9967
961
519
691
61
25
259
925
26
52
839
952
839
9666
99669
961
5779
961
8889
961
25
25
62
52
52
52
839
963
859
666
929
952
777
52
47
619
52
16
52
159
925
269
7959
592
9556
961
298
916
779
692
619
972
25
26
52
52
52
52
839
963
829
666
952
52
8589
962
859
591
159
592
529
592
196
962
396
936
639
952
9677
919
9859
8989
997
981
62
159
925
269
952
529
6959
926
619
969
961
61
7779
951
7779
962
62
159
925
295
926
52
649
962
7569
691
779
599
918
519
6969
592
62
52
159
925
26
52
839
952
839
666
929
919
961
566
52
1
52
15
62
52
52
369
9669
961
519
9299
879
919
691
529
78
962
16
15
25
529
592
52
739
693
639
6959
929
919
788
691
7589
692
16
15
52
529
917
729
972
53
9555
926
9969
929
58
591
769
961
16
159
925
259
926
529
9569
594
8779
556
592
669
692
18
15
629
26
15
529
592
529
952
839
566
8989
666
952
529
952
52
6779
972
16
52
52
619
961
619
8969
961
669
951
8789
591
819
591
819
891
159
961
529
952
52
396
6969
692
839
996
952
9596
62
389
9589
692
159
961
259
926
196
915
529
952
859
962
7789
9666
619
952
5889
592
15
296
951
259
926
52
529
592
7669
929
952
529
877
962
991
529
62
51
529
592
52
52
739
666
888
666
919
599
961
5559
929
592
15
259
926
52
52
36
498
952
9979
666
929
951
819
952
7889
981
15
62
52
15
26
52
839
592
99579
556
592
9666
888
952
7889
593
25
16
26
61
61
61
849
954
7889
591
819
655
777
556
981
819
16
52
16
51
829
937
72
99559
9559
555
592
52
159
962
52
52
15
61
529
592
52
369
936
529
9679
656

951
519
691
629
972
61
25
25
25
25
26
689
952
489
556
961
819
767
556


62
51
529
952
529
981
539
9666
769
961
7579
592
779
555
888
951
52
169
952
52
53
259
666
6959
961
279
929
592
819
981
498
962
159
926
195
952
52
639
9869
592
689
592
889
766
691
619
929
691
269
915
269
691
61
619
8989
954
99889
891
619
665
692
19
961
529
269
952
52
52
52
539
799
952
498
936
619
592
629
952
7779
951
25
61
529
592
52
529
777
972
87
169
6559
5559
592
529
692
529
62
51
61
82
52
81
539
963
5669
9966
5979
92
9667
555
952
16
15
296
915
295
925
296
9579
592
679
951
99789
656
961
259
952
529
26
51
259
961
61
61
479
691
459
961
198
935
759
952
8589
691
15
269
952
52
52
36
629
954
29
961
7889
9555
7779
556
788
981
159
926
159
952
729
793
72
52
519
9566
519
9659
929
952
52
519
15
269
916
51
829
952
99669
952
559
961
99779
592
789
951
8579
952
52
52
52
52
539
926
8679
6669
8889
666
591
529
997
927
819
962
26
195
952
529
952
81
539
9666
279
56
792
198
9977
5955
629
961
159
926
195
961
61
61
479
961
379
945
6789
655
919
952
99889
591
25
62
52
61
61
61
679
951
9666
951
819
891
869
981
819
981
25
52
52
52
53
62
7779
972
829
555
6669
289
592
579
9589
962
159
961
529
972
72
619
945
9556
655
961
7889
6969
961
52
8779
591
15
26
15
61
61
61
479
961
559
591
5779
856
952
52
8889
952
61
52
529
961
61
61
619
691
619
591
689
961
5589
962
8579
951
16
52
15
25
295
926
839
592
679
555
691
819
767
961
7889
691
26
15
259
952
72
81
539
6669
7569
9955
961
269
961



52
15
269
952
52
369
6969
556
592
61
3999
691
29
558
981
259
16
51
269
961
619
961
74
5559
997
591
6779
951
5889
9966
8989
591
51
62
16
51
829
937
729
594
9555
556
952
52
51
7669
972
719
62
159
592
61
61
61
99579
961
6579
951
619
891
8589
981
819
591
25
62
15
61
61
61
489
926
749
691
956
591
8789
691
99789
591
51
529
592
52
639
592
639
592
7669
929
691
819
9977
592
9979
692
26
15
259
925
26
52
819
952
839
9666
29
952
7679
952
789
961
61
52
52
529
952
52
839
566
8989
692
5589
656
963
62
6669
962
25
62
52
52
52
53
297
981
369
555
929
591
629
592
589
962
269
952
52
52
71
81
539
963
99589
692
99669
691
819
692
9677
951
159
961
25
269
916
159
929
592
529
691
789
66
952
52
159
925
16
52
52
52
53
26
489
952
498
696
299
62
729
691
72
52
269
952
52
52
52
539
766
952
489
961
7679
5959
961
52
397
891
25
25
269
952
52
64
759
592
489
655
961
289
877
666
778
592
26
52
52
52
52
539
9976
962
6889
916
9949
961
5889
961
289
692
62
15
295
592
729
981
539
9666
529
9955
691
629
919
691
8889
972
15
296
915
52
529
963
759
952
779
655
691
81
99779
666
981
619
26
15
259
592
729
981
539
691
99589
692
859
952
629
792
7669
981
16
15
529
961
61
61
379
961
489
555
919
592
889
961
7779
692
61
25
295
926
52
529
9399
529
9569
929
996
792
729
692
99789
692
25
269
916
619
691
54
8679
961
889
925
779
555
917
519
9869
691
26
51
52
61
61
619
9869
961
379
945
99679
951
5889
591
779
691
62
51
52
529
592
52
739
983
6669
951
6779
55
961
529
939
792
269
951
25
295
926
52
839
952
839
6669
99589
755
929
555
962
52
159
962
52
159
926
52
839
926
9989
963
99889
916
6589
962
6889
972
26
15
295
925
259
962
819
592
489
936
7589
9569
592
52
99559
792
52
61
529
592
529
592
839
666
888
666
952
619
972
529
777
963
51
26
51
259
926
52
839
926
7589
666
919
952
1999
981
7779
971
159
961
529
592
37
729
972
9555
665
9659
961
62
8889
691
297
962
25
269
952
52
52
52
379
983
719
656
9889
6966
8889
666
888
952
61
529
952
529
592
52
719
983
719
6956
669
961
819
996

961
61
25
52
529
592
52
719
983
719
9666
289
951
9677
692
8889
972
52
61
52
61
619
691
9959
952
5589
929
799
972
99789
962
8789
891
159
961
529
691
619
961
379
945
529
952
879
996
952
52
189
952
62
15
295
926
52
52
839
983
719
556
766
962
19
666
919
961
159
962
52
52
53
269

592
489
655
961
298
919
692
529
592
61
52
52
529
952
52
839
9666
8889
566
961
62
7779
951
6679
891
26
51
529
952
529
952
489
936
7779
972
539
9555
5789
952
779
952
15
61
259
925
26
52
859
692
5569
691
9989
792
72
6569
952
52
15
26
159
592
52
73
729
792
72
9555
656
961
819
6969
9977
952
16
52
159
592
52
63
839
592
7679
656
888
9666
1999
961
6789
961
15
296
952
52
53
2
719
9566
6579
951
8779
655
677
951
9777
794
26
15
259
925
269
952
549
928
9566
961
2999
691
2999
952
189
9299
51
26
195
952
639
963
529
693
99559
576
952
619
88
961
99779
972
16
15
259
592
529
963
639
962
559
558
929
981
977
952
879
592
52
61
529
952
529
952
839
666
888
6966
9929
996
917
5559
962
529
25
62
51
25
296
952
839
952
498
936
8579
666
888
666
888
9199
51
62
15
296
915
529
963
529
599
961
8789
961
529
952
1999
962
159
926
169
951
82
397
792
52
9555
666
558
692
729
972
196
962
159
592
529
592
52
639
6989
962
8589
656
961
28
72
16
299
529
269
915
295
952
52
52
839
9566
569
691
298
916
779
929
972
729
26
15
26
61
619
691
549
591
99579
961
9666
918
179
918
197
961
26
15
26
619
961
61
549
951
579
691
9677
655
952
61
9929
691
269
951
26
61
61
619
88
981
789
981
52
51
6569
951
6679
951
159
925
296
952
52
3
819
925
6679
961
619
599
952
195
788
961
61
259
952
619
961
619
974
61
649
951
6579
951
8779
951
8589
591
52
619
952
52
529
952
179
981
379
767
897
269
592
9566
691
61
52
619
952
61
61
619
691
395
919
951
9929
981
8569
917
84
62
15
295
926
61
61
619
961
53
619
9559
979
558
954
289
919
927
16
15
25
296
691
619
855
962
5789
951
859
962
8889
916
529
691
51
26
52
52
53
62
6669
9559
961
819
556
8979
929
929
692
51
25
62
159
961
61
61
45
52
966
961
29
952
489
952
779
951
15
269
691
81
52
739
792
529
555
556
778
9559
952
529
952
52
51
26
196
951
82
379
792
54
25
9666
5959
691
8589
9589
9759
952
16
25
16
51
829
972
539
592
6669
9559
961
819
666
691
8779
962
62
159
952
61
619
691
74
61
5569
916
8889
591
8589
961
6679
591
269
951
26
619
961
61
9555
9955
592
619
576
972
489
972
729
792
52
52
52
52
539
962
5779
666
9789
952
529
699
952
52
189
592
15
295
926
52
52
36
498
916
6889
666
919
592
529
592
189
928
51
269
691
81
52
749
972
53
259
5559
9667
961
279
926
8589
591
15
25
26
52
52
52
397
9666
8889
566
919
961
629
951
289
952
269
952
52
159
925
26
839
981
539
666
7969
929
592
569
592
729
25
269
952
52
52
53
1999
983
169
666
961
819
9977
952
17
629
15
25
296
952
52
529
699
962
6579
691
8779
951
889
952
7589
952
159
592
529
592
196
592
739
963
859
591
6779
961
9677
961
779
691
15
62
51
529
972
53
819
592
6669
56
961
52
729
692
9919

52
16
16
61
61
61
379
946
289
9555
99889
556
961
269
919
592
26
159
592
619
691
61
689
691
379
945
519
952
619
952
9919
961
62
15
52
529
592
52
719
983
719
667
555
92
529
566
952
619
25
269
952
52
52
53
839
926
859
666
962
52
52
52
5559
952
269
951
529
592
529
952
839
666
9299
62
629
699
952
159
952
729
61
529
592
529
952
52
839
566
9299
529
9966
691
2999
952
52
52
269
951
529
952
52
529
9869
983
159
962
25
295
9992
666
8779
961
26
15
296
691
619
691
5559
9992
519
929
8989
592
8789
983
6669
929
16
51
52
61
619
691
61
74
74
62
5569
591
819
952
8589
961
52
61
52
52
52
52
739
983
719
9767
78
62
9556
5559
29
592
52
169
952
52
52
36
489
592
819
666
691
529
9879
591
977
692
61
529
961
61
61
61
379
946
298
555
919
699
961
519
9779
691
61
52
52
52
52
52
719
983
719
656
6959
691
819
929
949
952
15
296
952
52
52
369
699
592
279
9955
792
197
6989
929
5959
792
52
61
529
592
529
952
839
666
888
666
919
699
961
269
9889
915
16
15
259
961
61
61
61
64
519
9955
777
961
5579
961
759
691
52
619
952
61
619
691
579
691
397
794
629
591
519
961
5559
952
16
159
925
296
916
159
799
961
579
665
778
555
929
9689
919
954
269
915
259
926
61
61
619
961
629
951
9677
591
977
925
519
961
51
529
952
529
951
629
766
962
977
794
669
691
889
591
889
961
62
15
61
829
952
81
539
692
6669
951
198
6959
9679
9569
961
61
159
961
259
925
26
52
589
962
6889
666
919
691
619
9669
592
19
269
951
52
52
529
952
839
9666
8889
666
919
961
7779
556
919
952
159
962
16
51
829
937
729
955
529
6956
99589
9955
929
692
8589
952
26
52
169
951
829
952
197
981
6569
592
519
691
9929
891
6679
591
25
52
52
52
53
269
777
972
8569
666
888
9666
977
951
61
61
159
962
51
52
53
62
389
926
639
961
619
929
952
5559
961
82
26
15
529
952
52
52
839
9666
8889
566
929
962
8679
962
619
592
26
159
925
52
72
519
949
952
489
916
839
9566
8679
691
889
952
61
52
52
52
52
16
689
952
849
556
961
819
929
792
7669
591
159
962
52
619
961
61
61
619
56
891
99679
951
7789
555
591
52
61
52
52
529
952
52
839
9666
8889
566
929
592
529
927
298
792
15
61
529
592
379
792
729
555
665
9955
961
819
777
592
8559
952
52
52
52
52
539
926
689
962
5789
666
919
5966
61
5559
885
952
15
259
926
52
52
369
666
928
99559
691
8889
952
5789
692
779
962
52
52
52
52
539
926
579
962
7589
952
529
666
9779
952
7789
961
26
51
259
952
72
81
539
691
589
692
6669
919
891
99669
8989
591
159
962
15
52
52
36
739
952
859
556
961
9797
2
6669
918
629
26
159
925
25
296
952
819
592
839
666
888
9966
691
819
939
592
16
159
592
52
52
63
689
952
7579
962
619
99969
952
619
9879
929
61
259
925
296
916
159
929
952
9555
691
7779
952
159
981
529
962
61
52
52
619
691
619
949
691
8679
555
777
555
919
952
7559
961
51
61
26
619
691
619
9999
961
749
5955
619
961
7779
5559
7779
692
26
159
592
52
529
981
539
926
6569
961
7889
961
9677
961
6779
945
51
26
16
51
82
52
669
916
9969
961
779
794
99569
691
99889
691
51
26
195
925
269
952
589
692
9989
666
919
961
61
9555
962
72
62
52
15
295
926
52
859
692
6889
656
961
52
52
529
951
83
16
15
296
961
61
61
397
946
955
591
619
961
529
952
1999
961
52
169
915
295
926
52
389
592
9666
961
5779
919
961
52
8889
961
51
62
52
52
53
26
498
952
579
565
691
819
778
666
888
592
25
51
26
52
52
53
839
951
9666
961
9777
555
952
529
952
1
25
269
952
52
71
81
539
952
689
666
951
269
952
159
9589
962
16
159
952
529
592
196
939
962
3999
591
629
916
819
981
819
951
51
269
951
259
926
52
839
963
5789
926
62
52
779
592
6579
951
25
62
52
52
52
529
6989
936
99589
962
629
952
52
529
692
52
52
619
691
619
691
61
74
5559
939
691
619
961
619
952
889
981
61
259
961
82
529
981
539
962
6569
55
691
819
7979
692
7679
691
26
51
529
952
52
52
179
983
6669
591
669
961
829
952
779
962
16
51
26
61
619
961
619
974
569
591
619
666
591
61
61
61
51
269
952
52
52
36
99579
952
679
962
7569
961
689
961
689
961
61
25
529
952
52
81
539
6966
297
5969
952
529
588
592
52
52
269
915
529
952
52
196
8969
952
8579
655
961
99779
962
619
691
61
51
62
51
269
952
52
379
915
839
666
919
576
961
529
9789
929
269
952
159
592
52
52
839
666
888
666
888
9669
592
61
529
952
51
61
52
52
73
729
972
54
9555
951
6679
929
555
929
856
792
52
52
52
52
539
962
529
666
691
81
99889
7966
8679
962
8679
951
62
15
529
952
52
529
919
983
169
656
961
61
977
961
61
619
51
529
952
529
591
629
666
9569
961
269
961
619
929



159
962
52
619
691
61
9959
952
7579
555
891
629
919
691
99579
691
15
259
926
52
52
52
397
6966
8889
6966
9929
952
729
951
889
952
25
61
269
951
829
592
197
981
539
6669
1999
952
619
665
952
52
269
915
259
961
61
61
5779
691
8579
954
7669
691
99879
591
7889
962
62
51
25
529
792
81
539
693
6669
9966
961
529
777
951
7669
891
26
15
259
926
619
961
869
961
99889
555
919
969
961
559
962
619
61
25
295
925
269
952
819
952
689
556
691
298
577
692
729
792
15
25
62
52
53
26
498
916
5789
9656
279
929
952
61
99779
952
62
159
925
269
961
61
579
961
9969
961
5559
954
7779
917
819
691
51
269
952
52
53
25
819
6955
779
566
592
529
777
592
197
952
159
926
15
259
925
26
819
936
9989
666
919
961
389
951
99789
951
25
26
52
52
52
539
929
983
169
556
961
819
929
962
529
592
16
51
52
529
592
63
529
594
297
9955
961
819
929
692
729
692
159
962
159
592
52
36
398
916
6789
656
878
5959
961
679
888
691
51
61
259
592
72
379
972
619
555
592
7669
951
9777
591
977
691
25
25
269
952
52
649
9689
952
498
556
691
819
929
962
779
952
15
25
269
915
296
952
529
666
691
297
577
893
6889
593
5779
961
159
926
195
925
269
952
839
952
489
666
929
952
529
592
529
952
26
52
52
52
52
53
839
926
859
666
592
72
5559
961
99889
952
159
962
52
61
619
961
619
691
619
55
961
529
939
592
8789
981
159
961
529
952
529
963
839
916
9989
962
63
2999
952
529
917
72
52
16
195
925
269
952
659
566
952
619
8979
692
879
925
8889
952
25
25
269
952
52
52
839
963
589
656
592
729
55
925
819
792
62
51
529
961
61
619
961
619
893
74
6669
961
9667
591
729
961
15
62
52
52
53
2
819
9666
6559
961
7789
5969
952
52
49
926
25
159
962
15
26
52
529
936
7569
952
7679
962
6779
917
469
951
61
529
592
61
619
691
759
691
6789
691
749
555
677
951
679
951
269
952
52
52
52
53
839
926
99589
962
529
666
963
61
269

269
915
52
52
529
952
839
566
88
692
629
961
289
962
9677
962
61
259
925
26
61
619
9579
691
889
594
6789
951
977
555
691
61
16
25
52
52
53
26
759
592
649
592
529
961
9777
952
879
951
25
26
51
26
52
64
549
692
9919
691
529
592
819
592
8589
929
25
52
169
952
52
539
799
952
839
666
919
952
619
666
952
179
51
269
952
52
53
62
9666
691
198
9569
9299
51
555
6679
972
52
52
52
52
52
539
926
579
962
8579
666
952
529
9889
952
7779
961
269
915
295
926
196
915
297
691
9959
592
619
961
298
666
691
61
61
52
529
952
529
952
9919
592
179
556
952
52
159
962
52
52
26
51
529
952
529
952
839
666
92
529
792
62
6789
962
977
961
62
52
16
61
61
619
894
555
5559
592
729
691
9777
972
849
594
62
159
592
529
952
52
739
983
719
656
951
629
919
691
297
961
26
195
961
82
52
81
539
692
6569
9669
961
269
952



16
25
269
961
619
961
8889
915
6789
981
379
9566
1
619
961
529
15
62
15
52
72
397
792
9955
6569
556
961
819
555
928
81
81
25
269
915
295
925
269
6989
592
6559
691
298
916
779
792
5889
951
62
52
52
159
925
269
5979
592
839
983
5779
916
629
952
629
592
159
961
25
529
592
639
9689
952
589
692
629
592
729
556
592
729
26
159
592
729
981
53
9555
961
6679
5959
952
52
779
952
629
9991
159
952
52
529
916
52
519
962
8569
929
9689
952
729
972
8559
792
159
592
52
52
639
962
389
916
8579
966
619
959
952
619
961
61
61
529
952
52
52
52
719
983
719
666
591
629
919
952
519
962
269
951
269
961
61
549
7969
915
99679
951
519
691
9919
691
8889
962
16
15
259
926
52
529
9993
63
5559
961
7779
952
6779
691
769
951
62
159
592
72
81
53
639
961
6569
952
6889
591
619
691
297
692
51
529
592
52
63
529
959
692
559
592
779
592
729
961
7889
962
25
16
52
159
926
52
839
952
819
566
788
952
629
692
529
592
16
15
52
52
52
52
9666
9956
691
819
7
927
62
61
529
691
159
926
195
952
529
963
839
952
9677
566
878
9659
691
81
7779
592
52
52
52
52
53
296
766
692
619
692
619
691
729
558
951
61
51
61
25
52
529
936
398
916
52
639
691
619
578
981
6789
962
25
16
16
61
64
71
61
555
955
961
397
961
8889
892
839
891
61
259
961
829
592
81
539
692
9566
9659
576
692
8898
9555
879
962
61
52
52
619
961
61
619
961
619
591
729
961
589
591
629
961
25
16
26
61
619
691
849
954
99889
891
5559
961
99789
951
977
952
26
52
52
52
52
53
279
983
159
666
8
929
5
929
969
961
15
52
52
529
963
52
639
962
659
961
289
919
929
666
972
519
51
62
51
61
82
37
729
591
459
5559
8669
929
9977
962
729
591
269
952
52
52
52
53
297
983
719
9666
659
961
819
952
779
952
269
952
15
529
952
52
839
666
877
656
788
9559
691
52
4999
952
16
51
52
52
73
72
72
99559
656
591
519
691
5889
591
5789
591
52
619
952
529
592
83
169
666
699
961
8789
691
369
556
961
72
25
26
159
961
61
61
46
159
939
951
789
591
7669
599
961
61
159
925
26
619
961
619
85
952
9555
952
8779
952
7679
692
7679
592
15
296
952
619
691
619
939
691
3999
9966
961
529
949
961
889
891
15
529
592
529
963
639
6
952
8669
961
29
952
6669



62
15
296
691
61
61
849
555
777
5559
9777
951
8779
555
919
981
61
25
52
619
961
61
9949
691
679
945
99779
951
51
619
588
951
61
529
952
529
592
52
719
983
719
666
888
566
961
27
7679
974
25
62
52
52
53
629
949
592
9959
592
99779
592
5789
951
9555
962
159
962
52
52
53
2
819
9666
629
959
99979
952
99579
592
8889
591
61
259
952
52
529
952
6669
56
961
61
8889
952
179
6966
519
691
15
269
952
51
259
926
839
952
569
959
99979
962
197
692
879
951
16
159
952
529
917
729
972
539
555
925
8679
591
99789
915
629
961
15
26
196
961
619
961
619
974
569
591
519
855
9679
588
951
619
269
915
295
592
729
981
53
9666
66
691
6889
591
7889
555
9879
961
51
26
169
961
619
961
379
945
6669
951
819
981
8559
916
619

52
52
52
52
53
269
5979
962
6889
592
529
592
559
962
99559
592
51
61
259
952
52
63
839
592
9677
656
888
566
888
962
2999
952
61
25
25
26
52
52
659
926
619
699
961
2
789
951
8779
692
159
925
269
952
52
369
9869
952
819
555
952
52
52
71
629
963
15
26
52
52
52
36
489
952
5559
692
729
972
72
629
792
72
51
529
961
52
739
972
72
549
5959
555
952
529
919
961
459
691
25
269
952
52
52
53
839
962
859
656
691
289
919
962
298
952
159
962
51
25
26
52
839
592
7579
566
961
619
8989
916
99789
691
25
269
952
52
52
53
649
962
956
952
7789
952
489
591
81
549
269
952
159
961
61
61
6589
961
379
694
99579
981
7789
5559
198
891
16
25
159
926
61
619
9759
691
379
945
6589
952
9979
961
8589
592
159
961
25
295
926
52
529
954
9667
691
8889
916
8789
555
58
961
62
52
51
259
925
296
9759
592
839
983
6669
8
592
52
977
928
61
25
529
961
61
61
9949
961
769
945
977
925
9667
591
966
981
52
169
691
81
529
974
72
52
395
5559
6669
952
279
9559
962
72
51
61
269
951
82
397
792
54
556
5669
961
61
889
925
8889
951
62
159
925
52
729
981
539
961
859
692
6559
691
72
669
951
61
25
61
259
925
296
952
839
952
839
656
692
52
9929
792
729
692
15
26
52
61
61
619
878
981
579
972
8569
9655
629
592
529
592
51
269
915
295
926
52
389
916
529
962
529
591
8679
919
7979
691
159
961
269
951
259
592
839
972
5569
5969
792
196
691
619
691
27
61
529
952
52
529
952
498
936
5789
696
529
592
629
592
7779
962
