# <# turns> <side> <weapon> <width> <height> <cure period>
96 0 0 15 15 20
# Home positions
0 0
0 7
7 0
14 14
14 7
7 14
# Ranks and scores of samurai
0 0
0 0
0 0
0 0
0 0
0 0
# Turn information for samurai of side 0 with weapon 0
# <turn>
0
# <cure period>
0
# Samurai states: <position x> <position y> <hiding>
0 0 0
0 7 0
7 0 0
-1 -1 1
-1 -1 1
-1 -1 1
# Battle field states
 8 8 8 8 8 8 8 8 8 8 8 8 8 9 9
 8 8 8 8 8 8 8 8 8 8 8 8 9 9 9
 8 8 8 8 8 8 8 8 8 8 8 9 9 9 9
 8 8 8 9 9 8 8 8 8 8 9 9 9 9 9
 8 8 8 9 9 9 8 8 8 9 9 9 9 9 9
 8 8 8 8 9 9 9 8 9 9 9 9 9 9 9
 8 8 8 8 8 9 9 9 9 9 9 9 9 9 9
 8 8 8 8 8 8 9 9 9 9 9 9 9 9 9
 8 8 8 8 8 9 9 9 9 9 9 9 9 9 9
 8 8 8 8 9 9 9 9 9 9 9 9 9 9 9
 8 8 8 9 9 9 9 9 9 9 9 9 9 9 9
 8 8 9 9 9 9 9 9 9 9 9 9 9 9 9
 8 9 9 9 9 9 9 9 9 9 9 9 9 9 9
 9 9 9 9 9 9 9 9 9 9 9 9 9 9 9
 9 9 9 9 9 9 9 9 9 9 9 9 9 9 9
# Turn information for samurai of side 0 with weapon 0
# <turn>
7
# <cure period>
0
# Samurai states: <position x> <position y> <hiding>
1 0 0
1 7 0
7 1 0
-1 -1 1
-1 -1 1
-1 -1 1
# Battle field states
 8 8 8 8 8 8 2 8 2 8 8 8 9 9 9
 0 8 8 8 8 8 2 8 2 8 8 8 8 9 9
 0 8 8 8 8 8 2 2 2 8 8 8 9 9 9
 0 8 8 8 8 8 8 8 8 8 8 9 9 9 9
 0 8 8 8 9 8 8 8 8 8 9 9 9 9 9
 1 8 8 8 8 9 8 8 8 9 9 9 9 9 9
 1 1 8 8 8 8 9 8 9 9 9 9 9 9 9
 8 1 1 8 8 8 8 9 9 9 9 9 9 9 9
 8 8 8 8 8 8 9 9 9 9 9 9 9 9 9
 8 8 8 8 8 9 9 9 9 9 9 9 9 9 9
 8 8 8 8 9 9 9 9 9 9 9 9 9 9 9
 8 8 8 9 9 9 9 9 9 9 9 9 9 9 9
 9 8 9 9 9 9 9 9 9 9 9 9 9 9 9
 9 9 9 9 9 9 9 9 9 9 9 9 9 9 9
 9 9 9 9 9 9 9 9 9 9 9 9 9 9 9
# Turn information for samurai of side 0 with weapon 0
# <turn>
12
# <cure period>
0
# Samurai states: <position x> <position y> <hiding>
1 1 1
2 7 1
7 2 1
-1 -1 1
-1 -1 1
-1 -1 1
# Battle field states
 8 8 8 8 8 8 2 8 2 8 8 9 9 9 9
 0 0 8 8 8 8 2 2 2 8 8 8 9 9 9
 0 0 8 8 8 8 2 2 2 8 8 8 8 9 9
 0 0 8 8 8 8 2 2 2 8 8 8 9 9 9
 0 0 8 8 8 8 8 8 8 8 8 9 9 9 9
 1 8 1 8 8 8 8 8 8 8 9 9 9 9 9
 1 1 1 1 8 8 8 8 8 9 9 9 9 9 9
 8 1 1 1 1 8 8 8 9 9 9 9 9 9 9
 8 8 8 8 8 8 8 9 9 9 9 9 9 9 9
 8 8 8 8 8 8 9 9 9 9 9 9 9 9 9
 8 8 8 8 8 9 9 9 9 9 9 9 9 9 9
 9 8 8 8 9 9 9 9 9 9 9 9 9 9 9
 9 9 8 9 9 9 9 9 9 9 9 9 9 9 9
 9 9 9 9 9 9 9 9 9 9 9 9 9 9 9
 9 9 9 9 9 9 9 9 9 9 9 9 9 9 9
# Turn information for samurai of side 0 with weapon 0
# <turn>
19
# <cure period>
0
# Samurai states: <position x> <position y> <hiding>
1 2 0
2 8 0
9 2 0
-1 -1 1
-1 -1 1
-1 -1 1
# Battle field states
 8 8 8 8 8 9 2 8 2 8 8 8 8 9 9
 0 0 8 8 8 8 2 2 2 8 8 8 8 8 9
 0 0 0 0 0 0 2 2 2 8 8 8 8 8 8
 0 0 8 8 8 8 2 2 2 8 8 8 8 8 9
 0 0 8 8 8 9 8 8 8 8 8 8 8 9 9
 1 8 1 8 8 9 9 8 8 8 8 8 9 9 9
 1 1 1 1 8 8 9 9 8 8 8 9 9 9 9
 8 1 1 1 1 8 8 9 9 8 9 9 9 9 9
 1 1 8 8 8 8 8 8 9 9 9 9 9 9 9
 8 1 1 8 8 8 8 9 9 9 9 9 9 9 9
 8 8 1 8 8 8 9 9 9 9 9 9 9 9 9
 8 8 8 8 8 9 9 9 9 9 9 9 9 9 9
 9 8 8 8 9 9 9 9 9 9 9 9 9 9 9
 9 9 8 9 9 9 9 9 9 9 9 9 9 9 9
 9 9 9 9 9 9 9 9 9 9 9 9 9 9 9
# Turn information for samurai of side 0 with weapon 0
# <turn>
24
# <cure period>
0
# Samurai states: <position x> <position y> <hiding>
1 3 0
2 9 1
9 3 1
-1 -1 1
-1 -1 1
-1 -1 1
# Battle field states
 8 8 8 8 9 9 9 8 2 8 8 8 9 9 9
 0 0 8 8 8 9 2 2 2 2 2 8 8 9 9
 0 0 0 0 0 0 2 2 2 8 2 8 8 8 9
 0 0 0 0 0 0 2 2 2 2 2 8 8 8 8
 0 0 8 8 8 8 8 8 8 8 8 8 8 8 9
 1 8 1 8 8 9 8 8 8 8 8 8 4 9 9
 1 1 1 1 8 9 9 8 8 8 8 4 9 9 9
 8 1 1 1 1 8 9 9 8 8 4 9 9 9 9
 1 1 1 1 8 8 8 9 9 8 9 9 9 9 9
 8 1 1 1 1 8 8 8 9 9 9 9 9 9 9
 8 8 1 8 8 8 5 9 9 9 9 9 9 9 9
 8 8 8 8 8 8 9 9 9 9 9 9 9 9 9
 8 8 8 8 8 9 9 9 9 9 9 9 9 9 9
 9 8 8 8 9 9 9 9 9 9 9 9 9 9 9
 9 9 8 9 9 9 9 9 9 9 9 9 9 9 9
# Turn information for samurai of side 0 with weapon 0
# <turn>
31
# <cure period>
0
# Samurai states: <position x> <position y> <hiding>
1 4 1
2 9 1
10 2 1
-1 -1 1
-1 -1 1
-1 -1 1
# Battle field states
 8 8 8 9 9 9 9 8 2 8 8 8 8 8 9
 0 0 8 8 9 9 2 2 2 2 2 8 8 8 8
 0 0 0 0 0 0 2 2 2 8 2 8 8 8 8
 0 0 0 0 0 0 2 2 2 2 2 8 8 8 8
 0 0 0 0 0 0 8 8 8 8 8 8 8 8 9
 1 8 1 8 8 8 9 9 8 8 8 8 4 9 9
 1 1 1 1 8 9 9 9 9 8 8 4 9 9 9
 8 1 1 1 1 8 9 9 9 9 4 9 9 9 9
 1 1 1 1 8 8 8 9 9 9 9 9 9 9 9
 1 1 1 1 1 8 5 5 9 9 9 9 9 9 9
 8 1 1 8 8 8 5 9 9 9 9 9 9 9 9
 8 8 1 8 8 8 9 9 9 9 9 9 9 9 9
 8 8 8 8 8 9 9 9 9 9 9 9 9 9 9
 9 8 8 8 9 9 9 9 9 9 9 9 9 9 9
 9 9 8 9 9 9 9 9 9 9 9 9 9 9 9
# Turn information for samurai of side 0 with weapon 0
# <turn>
36
# <cure period>
0
# Samurai states: <position x> <position y> <hiding>
2 4 0
2 9 1
9 3 1
-1 -1 1
-1 -1 1
7 9 0
# Battle field states
 9 8 0 8 9 9 9 8 2 8 8 8 9 9 9
 0 0 0 8 8 9 2 2 2 2 2 8 8 9 9
 0 0 0 0 0 0 2 2 2 8 2 8 8 8 9
 0 0 0 0 0 0 2 2 2 2 2 8 8 8 8
 0 0 0 0 0 0 8 8 8 8 8 8 8 8 9
 1 8 1 8 8 8 8 8 8 8 8 4 4 9 9
 1 1 1 1 8 8 9 8 8 8 4 4 9 9 9
 8 1 1 1 1 8 9 9 8 4 4 9 9 9 9
 1 1 1 1 8 8 5 9 9 4 9 9 9 9 9
 1 1 1 1 1 8 5 5 9 9 9 9 9 9 9
 8 1 1 8 8 8 5 9 9 9 9 9 9 9 9
 8 8 1 8 8 8 9 9 9 9 9 9 9 9 9
 8 8 8 8 8 9 9 9 9 9 9 9 9 9 9
 9 8 8 8 9 9 9 9 9 9 9 9 9 9 9
 9 9 8 9 9 9 9 9 9 9 9 9 9 9 9
# Turn information for samurai of side 0 with weapon 0
# <turn>
43
# <cure period>
0
# Samurai states: <position x> <position y> <hiding>
2 4 1
2 10 1
9 1 1
-1 -1 1
-1 -1 1
6 9 0
# Battle field states
 9 8 0 8 9 8 2 8 2 8 8 8 8 8 9
 0 0 0 8 8 8 2 2 2 2 2 8 8 8 8
 0 0 0 0 0 0 2 2 2 8 2 8 8 8 9
 0 0 0 0 0 0 2 2 2 2 2 8 8 9 9
 0 0 0 0 0 0 8 8 8 8 8 8 9 9 9
 1 8 1 8 8 8 8 9 8 8 4 9 9 9 9
 1 1 1 1 8 8 9 9 9 4 9 9 9 9 9
 8 1 1 1 1 9 9 9 9 9 9 9 9 9 9
 1 1 1 1 8 5 9 9 9 9 9 9 9 9 9
 1 1 1 1 1 5 5 9 9 9 9 9 9 9 9
 8 1 1 8 8 5 5 5 9 9 9 9 9 9 9
 8 8 1 8 8 8 5 9 9 9 9 9 9 9 9
 8 8 8 8 8 8 9 9 9 9 9 9 9 9 9
 8 8 8 8 8 9 9 9 9 9 9 9 9 9 9
 9 8 8 8 9 9 9 9 9 9 9 9 9 9 9
# Turn information for samurai of side 0 with weapon 0
# <turn>
48
# <cure period>
0
# Samurai states: <position x> <position y> <hiding>
2 5 0
2 11 1
9 1 1
-1 -1 1
-1 -1 1
5 9 0
# Battle field states
 9 9 0 9 9 8 2 8 2 8 8 8 8 8 9
 9 0 0 8 8 8 2 2 2 2 2 8 8 8 8
 0 0 0 0 0 0 2 2 2 8 2 8 8 8 9
 0 0 0 0 0 0 2 2 2 2 2 8 8 9 9
 0 0 0 0 0 0 8 8 8 8 8 8 9 9 9
 1 8 1 0 0 0 0 8 8 4 4 9 9 9 9
 1 1 1 1 8 8 8 9 9 4 9 9 9 9 9
 8 1 1 1 1 8 9 9 9 9 9 9 9 9 9
 1 1 1 1 5 9 9 9 9 9 9 9 9 9 9
 1 1 1 1 5 5 9 9 9 9 9 9 9 9 9
 8 1 1 8 5 5 5 9 9 9 9 9 9 9 9
 8 8 1 8 8 8 5 5 9 9 9 9 9 9 9
 8 8 8 8 8 8 5 9 9 9 9 9 9 9 9
 8 8 8 8 8 8 9 9 9 9 9 9 9 9 9
 8 8 8 8 8 9 9 9 9 9 9 9 9 9 9
# Turn information for samurai of side 0 with weapon 0
# <turn>
55
# <cure period>
0
# Samurai states: <position x> <position y> <hiding>
1 5 1
2 11 1
9 1 1
-1 -1 1
-1 -1 1
-1 -1 1
# Battle field states
 9 8 9 9 9 8 2 8 2 8 8 8 8 8 9
 0 0 0 9 8 8 2 2 2 2 2 8 8 8 8
 0 0 0 0 9 0 2 2 2 8 2 8 8 8 9
 0 0 0 0 0 9 2 2 2 2 2 8 8 9 9
 0 0 0 0 0 0 9 8 8 8 8 8 9 9 9
 0 0 1 0 0 0 0 9 4 4 4 9 9 9 9
 1 1 1 1 8 8 9 9 9 4 9 9 9 9 9
 8 1 1 1 1 9 9 9 9 9 9 9 9 9 9
 1 1 1 5 5 9 9 9 9 9 9 9 9 9 9
 1 1 1 5 5 5 9 9 9 9 9 9 9 9 9
 8 1 1 5 5 5 5 9 9 9 9 9 9 9 9
 8 8 1 8 8 8 5 5 9 9 9 9 9 9 9
 8 8 8 8 8 8 5 9 9 9 9 9 9 9 9
 8 8 8 8 8 8 9 9 9 9 9 9 9 9 9
 8 8 8 8 8 9 9 9 9 9 9 9 9 9 9
# Turn information for samurai of side 0 with weapon 0
# <turn>
60
# <cure period>
0
# Samurai states: <position x> <position y> <hiding>
2 7 1
2 11 1
9 1 1
-1 -1 1
-1 -1 1
3 9 0
# Battle field states
 9 9 9 9 9 8 2 8 2 8 8 8 8 8 9
 9 9 9 9 8 8 2 2 2 2 2 8 8 8 8
 9 9 0 9 9 0 2 2 2 8 2 8 8 8 9
 9 0 0 0 9 9 2 2 2 2 2 8 8 9 9
 0 0 0 0 0 9 9 8 8 8 8 8 9 9 9
 0 0 1 0 0 0 9 9 4 4 4 9 9 9 9
 1 1 1 1 8 8 4 9 9 4 9 9 9 9 9
 8 1 1 1 1 4 4 4 9 9 9 9 9 9 9
 1 1 5 5 5 5 5 9 9 9 9 9 9 9 9
 1 1 5 5 5 5 9 9 9 9 9 9 9 9 9
 8 1 5 5 5 5 5 9 9 9 9 9 9 9 9
 1 1 1 8 8 8 5 5 9 9 9 9 9 9 9
 8 1 1 8 8 8 5 9 9 9 9 9 9 9 9
 8 8 1 8 8 8 9 9 9 9 9 9 9 9 9
 8 8 8 8 8 9 9 9 9 9 9 9 9 9 9
# Turn information for samurai of side 0 with weapon 0
# <turn>
67
# <cure period>
0
# Samurai states: <position x> <position y> <hiding>
3 7 0
1 12 1
9 1 1
-1 -1 1
-1 -1 1
-1 -1 1
# Battle field states
 9 9 9 9 9 8 2 8 2 8 8 8 8 8 9
 9 9 9 9 8 8 2 2 2 2 2 8 8 8 8
 9 9 9 0 9 0 2 2 2 8 2 8 8 8 9
 9 9 0 0 0 9 2 2 2 2 2 8 8 9 9
 9 0 0 0 0 0 9 8 8 8 8 8 9 9 9
 0 0 1 0 0 0 0 9 4 4 4 9 9 9 9
 1 1 1 1 8 8 4 4 9 4 9 9 9 9 9
 8 1 1 1 1 4 4 4 4 9 9 9 9 9 9
 1 1 5 0 5 5 5 5 9 9 9 9 9 9 9
 1 1 5 0 5 5 5 9 9 9 9 9 9 9 9
 8 1 5 0 5 5 9 9 9 9 9 9 9 9 9
 1 1 1 0 8 8 9 9 9 9 9 9 9 9 9
 8 1 1 8 8 8 5 9 9 9 9 9 9 9 9
 8 8 1 8 8 8 9 9 9 9 9 9 9 9 9
 8 8 8 8 8 9 9 9 9 9 9 9 9 9 9
# Turn information for samurai of side 0 with weapon 0
# <turn>
72
# <cure period>
0
# Samurai states: <position x> <position y> <hiding>
2 7 1
0 12 0
9 1 1
-1 -1 1
-1 -1 1
-1 -1 1
# Battle field states
 9 9 9 9 9 8 2 8 2 8 8 8 8 8 9
 9 9 9 9 8 8 2 2 2 2 2 8 8 8 8
 9 9 0 9 9 0 2 2 2 8 2 8 8 8 9
 9 0 0 0 9 9 2 2 2 2 2 8 8 9 9
 0 0 0 0 0 9 9 8 8 8 8 8 9 9 9
 0 0 1 0 0 0 9 9 4 4 4 9 9 9 9
 1 1 1 1 8 8 4 9 9 4 9 9 9 9 9
 8 1 1 1 0 0 0 4 9 9 9 9 9 9 9
 1 1 5 0 5 5 5 9 9 9 9 9 9 9 9
 1 1 5 0 5 5 9 9 9 9 9 9 9 9 9
 8 1 5 0 5 9 9 9 9 9 9 9 9 9 9
 1 1 1 0 8 9 9 9 9 9 9 9 9 9 9
 1 1 1 8 8 8 9 9 9 9 9 9 9 9 9
 1 1 1 8 8 9 9 9 9 9 9 9 9 9 9
 8 1 8 8 9 9 9 9 9 9 9 9 9 9 9
# Turn information for samurai of side 0 with weapon 0
# <turn>
79
# <cure period>
0
# Samurai states: <position x> <position y> <hiding>
2 7 1
2 12 1
9 1 1
-1 -1 1
-1 -1 1
-1 -1 1
# Battle field states
 9 9 9 9 9 8 2 8 2 8 8 8 8 8 9
 9 9 9 9 8 8 2 2 2 2 2 8 8 8 8
 9 9 0 9 9 0 2 2 2 8 2 8 8 8 9
 9 0 0 0 9 9 2 2 2 2 2 8 8 9 9
 0 0 0 0 0 9 9 8 8 8 8 3 9 9 9
 0 0 1 0 0 0 9 9 4 4 4 9 9 9 9
 1 1 1 1 8 8 4 9 9 4 9 9 9 9 9
 8 1 1 1 0 0 4 4 9 9 9 9 9 9 9
 1 1 0 0 5 4 4 9 9 9 9 9 9 9 9
 1 1 0 0 4 4 9 9 9 9 9 9 9 9 9
 8 1 0 0 5 5 9 9 9 9 9 9 9 9 9
 1 1 0 0 8 8 5 9 9 9 9 9 9 9 9
 1 1 1 8 8 8 5 5 9 9 9 9 9 9 9
 1 1 1 8 8 8 5 9 9 9 9 9 9 9 9
 8 1 8 8 8 8 9 9 9 9 9 9 9 9 9
# Turn information for samurai of side 0 with weapon 0
# <turn>
84
# <cure period>
0
# Samurai states: <position x> <position y> <hiding>
3 7 0
2 13 0
10 1 0
-1 -1 1
-1 -1 1
6 14 0
# Battle field states
 9 9 9 9 9 9 2 8 2 2 2 2 8 8 8
 9 9 9 9 9 8 2 2 2 2 2 2 8 8 8
 9 9 9 0 9 9 2 2 2 2 2 2 8 8 8
 9 9 0 0 0 9 9 2 2 2 2 8 8 8 9
 9 0 0 0 0 0 9 9 8 8 8 3 8 9 9
 0 0 1 0 0 0 0 9 9 4 4 3 9 9 9
 1 1 1 1 8 8 4 4 9 9 4 9 9 9 9
 8 1 1 1 0 4 0 0 4 9 9 9 9 9 9
 1 1 0 0 4 4 4 4 9 9 9 9 9 9 9
 1 1 0 4 4 4 5 9 9 9 9 9 9 9 9
 8 1 0 0 5 5 9 9 9 9 9 9 9 9 9
 1 1 0 0 8 8 9 9 9 9 9 9 9 9 9
 1 1 1 1 1 8 5 9 9 9 9 9 9 9 9
 1 1 1 1 8 5 5 5 9 9 9 9 9 9 9
 8 1 1 8 8 5 5 9 9 9 9 9 9 9 9
# Turn information for samurai of side 0 with weapon 0
# <turn>
91
# <cure period>
0
# Samurai states: <position x> <position y> <hiding>
3 5 1
3 13 1
9 2 1
-1 -1 1
5 10 0
7 14 0
# Battle field states
 9 9 9 8 9 9 2 8 2 2 2 2 8 9 9
 9 9 0 8 8 8 2 2 2 2 2 2 8 8 9
 9 0 0 0 0 0 2 2 2 2 2 2 8 8 8
 0 0 0 0 0 0 2 2 2 2 3 8 8 8 9
 0 0 0 0 0 0 8 8 8 8 3 3 8 9 9
 0 0 1 0 0 0 0 4 4 4 3 3 9 9 9
 1 1 1 1 8 8 4 4 4 4 3 9 9 9 9
 8 1 1 1 0 4 0 9 9 3 9 9 9 9 9
 9 1 0 0 4 4 9 9 9 9 9 9 9 9 9
 9 9 0 4 4 9 9 9 9 9 9 9 9 9 9
 9 1 0 4 4 5 9 9 9 9 9 9 9 9 9
 1 1 0 0 4 4 5 9 9 9 9 9 9 9 9
 1 1 1 1 1 4 5 5 9 9 9 9 9 9 9
 1 1 1 1 1 5 5 5 5 9 9 9 9 9 9
 8 1 1 1 1 5 5 8 9 9 9 9 9 9 9
