# <# turns> <side> <weapon> <width> <height> <cure period>
96 0 2 15 15 20
# Home positions
0 0
0 7
7 0
14 14
14 7
7 14
# Ranks and scores of samurai
0 0
0 0
0 0
0 0
0 0
0 0
# Turn information for samurai of side 0 with weapon 2
# <turn>
4
# <cure period>
0
# Samurai states: <position x> <position y> <hiding>
1 0 1
1 7 0
7 0 0
-1 -1 1
-1 -1 1
-1 -1 1
# Battle field states
 8 0 0 0 0 8 8 8 8 8 8 8 8 9 9
 8 8 8 8 8 8 8 8 8 8 8 8 9 9 9
 8 8 8 8 8 8 8 8 8 8 8 9 9 9 9
 8 8 8 8 9 8 8 8 8 8 9 9 9 9 9
 8 8 8 8 9 9 8 8 8 9 9 9 9 9 9
 8 8 8 8 8 9 9 8 9 9 9 9 9 9 9
 8 8 8 8 8 8 9 9 9 9 9 9 9 9 9
 8 8 1 1 8 8 8 9 9 9 9 9 9 9 9
 8 1 1 8 8 8 9 9 9 9 9 9 9 9 9
 8 1 8 8 8 9 9 9 9 9 9 9 9 9 9
 8 8 8 8 9 9 9 9 9 9 9 9 9 9 9
 8 8 8 9 9 9 9 9 9 9 9 9 9 9 9
 9 8 9 9 9 9 9 9 9 9 9 9 9 9 9
 9 9 9 9 9 9 9 9 9 9 9 9 9 9 9
 9 9 9 9 9 9 9 9 9 9 9 9 9 9 9
# Turn information for samurai of side 0 with weapon 2
# <turn>
11
# <cure period>
0
# Samurai states: <position x> <position y> <hiding>
1 1 0
2 7 0
7 1 0
-1 -1 1
-1 -1 1
-1 -1 1
# Battle field states
 8 0 0 0 0 8 2 8 2 8 8 8 9 9 9
 8 8 8 8 8 8 2 8 2 8 8 8 8 9 9
 8 0 8 8 8 8 2 2 2 8 8 8 9 9 9
 8 0 8 8 8 8 8 8 8 8 8 9 9 9 9
 8 0 8 8 8 8 8 8 8 8 9 9 9 9 9
 8 0 1 8 8 8 8 8 8 9 9 9 9 9 9
 8 8 1 1 8 8 8 8 9 9 9 9 9 9 9
 8 8 1 1 1 8 8 8 9 9 9 9 9 9 9
 8 1 1 8 8 8 8 9 9 9 9 9 9 9 9
 8 1 8 8 8 8 9 9 9 9 9 9 9 9 9
 8 8 8 8 8 9 9 9 9 9 9 9 9 9 9
 9 8 8 8 9 9 9 9 9 9 9 9 9 9 9
 9 9 8 9 9 9 9 9 9 9 9 9 9 9 9
 9 9 9 9 9 9 9 9 9 9 9 9 9 9 9
 9 9 9 9 9 9 9 9 9 9 9 9 9 9 9
# Turn information for samurai of side 0 with weapon 2
# <turn>
16
# <cure period>
0
# Samurai states: <position x> <position y> <hiding>
2 1 0
2 8 0
7 2 0
-1 -1 1
-1 -1 1
-1 -1 1
# Battle field states
 8 0 0 0 0 8 2 8 2 8 8 9 9 9 9
 8 8 0 0 0 0 2 2 2 8 8 8 9 9 9
 8 0 8 8 8 8 2 2 2 8 8 8 8 9 9
 8 0 8 8 8 8 2 2 2 8 8 8 9 9 9
 8 0 8 8 8 8 8 8 8 8 8 9 9 9 9
 8 0 1 8 8 8 8 8 8 8 9 9 9 9 9
 8 8 1 1 8 8 8 8 8 9 9 9 9 9 9
 8 8 1 1 1 8 8 8 9 9 9 9 9 9 9
 8 1 1 1 1 8 8 8 9 9 9 9 9 9 9
 8 1 1 1 8 8 8 9 9 9 9 9 9 9 9
 8 8 1 8 8 8 9 9 9 9 9 9 9 9 9
 8 8 8 8 8 9 9 9 9 9 9 9 9 9 9
 9 8 8 8 9 9 9 9 9 9 9 9 9 9 9
 9 9 8 9 9 9 9 9 9 9 9 9 9 9 9
 9 9 9 9 9 9 9 9 9 9 9 9 9 9 9
# Turn information for samurai of side 0 with weapon 2
# <turn>
23
# <cure period>
0
# Samurai states: <position x> <position y> <hiding>
3 1 0
2 9 1
9 2 0
-1 -1 1
-1 -1 1
-1 -1 1
# Battle field states
 8 0 0 0 0 8 2 8 2 8 8 8 8 9 9
 8 8 0 0 0 0 2 2 2 8 8 8 8 8 9
 8 0 8 0 8 8 2 2 2 8 8 8 8 8 8
 8 0 8 0 8 8 2 2 2 8 8 8 8 8 9
 9 0 8 0 8 8 8 8 8 8 8 8 8 9 9
 9 0 1 0 8 9 9 8 8 8 4 8 9 9 9
 8 8 1 1 8 9 9 9 8 4 4 9 9 9 9
 8 8 1 1 1 8 9 9 9 4 9 9 9 9 9
 8 1 1 1 1 5 5 9 9 9 9 9 9 9 9
 1 1 1 1 8 5 5 5 9 9 9 9 9 9 9
 8 1 1 8 8 5 5 9 9 9 9 9 9 9 9
 8 8 1 8 8 8 9 9 9 9 9 9 9 9 9
 8 8 8 8 8 9 9 9 9 9 9 9 9 9 9
 9 8 8 8 9 9 9 9 9 9 9 9 9 9 9
 9 9 8 9 9 9 9 9 9 9 9 9 9 9 9
# Turn information for samurai of side 0 with weapon 2
# <turn>
28
# <cure period>
0
# Samurai states: <position x> <position y> <hiding>
4 1 0
1 9 1
9 1 1
-1 -1 1
-1 -1 1
-1 -1 1
# Battle field states
 8 0 0 0 0 8 2 8 2 8 8 8 8 8 9
 8 8 0 0 0 0 2 2 2 2 2 8 8 8 8
 8 0 8 0 0 8 2 2 2 8 2 8 8 8 9
 9 0 8 0 0 8 2 2 2 2 2 8 8 9 9
 9 0 8 0 0 8 8 8 8 8 4 8 9 9 9
 8 0 1 0 0 8 9 9 8 4 4 9 9 9 9
 8 8 1 1 8 9 9 9 9 4 9 9 9 9 9
 8 8 1 1 1 9 9 9 9 9 9 9 9 9 9
 8 1 1 1 1 5 9 9 9 9 9 9 9 9 9
 1 1 1 1 8 5 5 9 9 9 9 9 9 9 9
 8 1 1 8 8 5 9 9 9 9 9 9 9 9 9
 8 8 1 8 8 9 9 9 9 9 9 9 9 9 9
 8 8 8 8 9 9 9 9 9 9 9 9 9 9 9
 8 8 8 9 9 9 9 9 9 9 9 9 9 9 9
 9 8 9 9 9 9 9 9 9 9 9 9 9 9 9
# Turn information for samurai of side 0 with weapon 2
# <turn>
35
# <cure period>
0
# Samurai states: <position x> <position y> <hiding>
5 1 1
0 7 0
9 1 1
-1 -1 1
-1 -1 1
-1 -1 1
# Battle field states
 9 0 0 0 0 8 2 8 2 8 8 8 8 8 9
 8 8 0 0 0 0 2 2 2 2 2 8 8 8 8
 8 0 8 0 0 0 2 2 2 8 2 8 8 8 9
 8 0 8 0 0 0 2 2 2 2 4 8 8 9 9
 8 0 8 0 0 0 8 8 8 8 4 4 9 9 9
 8 0 1 0 0 0 8 9 8 4 4 9 9 9 9
 8 8 1 1 8 8 9 9 9 4 9 9 9 9 9
 8 8 1 1 1 8 9 9 9 9 9 9 9 9 9
 8 1 1 5 5 9 9 9 9 9 9 9 9 9 9
 1 1 1 5 9 9 9 9 9 9 9 9 9 9 9
 8 1 1 9 9 9 9 9 9 9 9 9 9 9 9
 8 8 9 9 9 9 9 9 9 9 9 9 9 9 9
 8 9 9 9 9 9 9 9 9 9 9 9 9 9 9
 9 9 9 9 9 9 9 9 9 9 9 9 9 9 9
 9 9 9 9 9 9 9 9 9 9 9 9 9 9 9
# Turn information for samurai of side 0 with weapon 2
# <turn>
40
# <cure period>
0
# Samurai states: <position x> <position y> <hiding>
4 2 1
0 6 1
9 1 1
-1 -1 1
9 5 0
-1 -1 1
# Battle field states
 9 0 0 0 0 8 2 8 2 8 8 8 8 8 9
 8 8 0 0 0 0 2 2 2 2 2 8 8 8 8
 8 0 8 0 0 0 2 2 2 8 2 8 8 8 9
 8 0 8 0 0 0 2 2 2 4 4 8 8 9 9
 8 0 8 0 0 0 8 8 4 4 4 4 9 9 9
 1 0 1 0 0 0 8 9 4 4 4 9 9 9 9
 1 1 1 1 8 8 9 9 9 4 9 9 9 9 9
 8 1 1 1 1 9 9 9 9 9 9 9 9 9 9
 8 1 1 5 9 9 9 9 9 9 9 9 9 9 9
 1 1 1 9 9 9 9 9 9 9 9 9 9 9 9
 8 1 9 9 9 9 9 9 9 9 9 9 9 9 9
 8 9 9 9 9 9 9 9 9 9 9 9 9 9 9
 9 9 9 9 9 9 9 9 9 9 9 9 9 9 9
 9 9 9 9 9 9 9 9 9 9 9 9 9 9 9
 9 9 9 9 9 9 9 9 9 9 9 9 9 9 9
# Turn information for samurai of side 0 with weapon 2
# <turn>
47
# <cure period>
0
# Samurai states: <position x> <position y> <hiding>
4 3 0
0 5 0
9 1 1
-1 -1 1
-1 -1 1
-1 -1 1
# Battle field states
 8 9 0 0 0 8 2 8 2 8 8 8 8 8 9
 8 8 0 0 0 0 2 2 2 2 2 8 8 8 8
 8 0 8 0 0 0 2 2 2 8 2 8 8 8 9
 1 0 0 0 0 0 2 2 4 4 4 8 8 9 9
 1 1 8 0 0 0 8 4 4 4 4 4 9 9 9
 1 1 1 0 0 0 4 4 4 4 4 9 9 9 9
 1 1 1 1 8 8 8 9 9 4 9 9 9 9 9
 8 1 5 5 5 8 9 9 9 9 9 9 9 9 9
 8 1 5 9 5 9 9 9 9 9 9 9 9 9 9
 1 1 9 9 9 9 9 9 9 9 9 9 9 9 9
 8 9 9 9 9 9 9 9 9 9 9 9 9 9 9
 9 9 9 9 9 9 9 9 9 9 9 9 9 9 9
 9 9 9 9 9 9 9 9 9 9 9 9 9 9 9
 9 9 9 9 9 9 9 9 9 9 9 9 9 9 9
 9 9 9 9 9 9 9 9 9 9 9 9 9 9 9
# Turn information for samurai of side 0 with weapon 2
# <turn>
52
# <cure period>
0
# Samurai states: <position x> <position y> <hiding>
3 3 1
1 6 1
7 0 0
-1 -1 1
-1 -1 1
-1 -1 1
# Battle field states
 9 0 0 0 0 8 2 8 2 8 8 8 8 9 9
 8 8 0 0 0 0 2 2 2 2 2 8 9 9 9
 8 0 8 0 0 0 2 2 2 8 2 9 9 9 9
 1 0 0 0 0 0 2 2 4 4 9 9 9 9 9
 1 1 8 0 0 0 8 4 4 9 9 9 9 9 9
 1 1 1 0 0 0 4 4 9 9 9 9 9 9 9
 1 1 1 1 8 8 8 9 9 9 9 9 9 9 9
 8 1 5 5 3 3 9 9 9 9 9 9 9 9 9
 8 1 5 5 5 9 9 9 9 9 9 9 9 9 9
 1 1 5 5 9 9 9 9 9 9 9 9 9 9 9
 8 1 5 9 9 9 9 9 9 9 9 9 9 9 9
 9 8 9 9 9 9 9 9 9 9 9 9 9 9 9
 9 9 9 9 9 9 9 9 9 9 9 9 9 9 9
 9 9 9 9 9 9 9 9 9 9 9 9 9 9 9
 9 9 9 9 9 9 9 9 9 9 9 9 9 9 9
# Turn information for samurai of side 0 with weapon 2
# <turn>
59
# <cure period>
0
# Samurai states: <position x> <position y> <hiding>
4 3 0
1 7 0
10 0 0
-1 -1 1
10 3 0
-1 -1 1
# Battle field states
 9 9 0 0 0 8 2 8 2 8 8 8 8 8 8
 9 8 0 0 0 0 2 2 2 2 4 8 8 8 8
 8 0 8 0 0 0 2 2 2 8 4 4 8 8 9
 1 0 0 0 0 0 2 2 4 4 4 4 4 9 9
 1 1 8 0 0 0 8 4 4 4 4 4 9 9 9
 1 1 1 0 0 0 4 4 9 9 4 9 9 9 9
 1 1 1 1 0 3 3 9 9 9 9 9 9 9 9
 8 5 1 1 0 3 3 9 9 9 9 9 9 9 9
 8 1 1 5 5 5 9 9 9 9 9 9 9 9 9
 1 1 5 5 5 9 9 9 9 9 9 9 9 9 9
 8 1 5 5 9 9 9 9 9 9 9 9 9 9 9
 8 8 1 9 9 9 9 9 9 9 9 9 9 9 9
 9 8 9 9 9 9 9 9 9 9 9 9 9 9 9
 9 9 9 9 9 9 9 9 9 9 9 9 9 9 9
 9 9 9 9 9 9 9 9 9 9 9 9 9 9 9
# Turn information for samurai of side 0 with weapon 2
# <turn>
64
# <cure period>
0
# Samurai states: <position x> <position y> <hiding>
3 3 1
1 8 0
11 0 1
-1 -1 1
-1 -1 1
-1 -1 1
# Battle field states
 9 0 0 0 0 8 2 8 2 2 8 2 8 8 8
 8 8 0 0 0 0 2 2 2 2 2 2 8 8 8
 8 0 8 0 0 0 2 3 2 8 4 4 8 8 8
 1 0 0 0 0 0 2 3 4 4 4 4 4 8 9
 1 1 8 0 0 0 8 3 9 9 4 4 8 9 9
 1 1 1 0 0 0 4 9 9 9 9 4 9 9 9
 1 1 1 1 0 3 9 9 9 9 9 9 9 9 9
 8 1 1 1 0 3 9 9 9 9 9 9 9 9 9
 1 1 1 5 5 5 5 9 9 9 9 9 9 9 9
 1 1 5 5 5 5 9 9 9 9 9 9 9 9 9
 8 1 5 5 5 9 9 9 9 9 9 9 9 9 9
 8 8 1 8 9 9 9 9 9 9 9 9 9 9 9
 8 8 8 9 9 9 9 9 9 9 9 9 9 9 9
 9 8 9 9 9 9 9 9 9 9 9 9 9 9 9
 9 9 9 9 9 9 9 9 9 9 9 9 9 9 9
# Turn information for samurai of side 0 with weapon 2
# <turn>
71
# <cure period>
0
# Samurai states: <position x> <position y> <hiding>
4 3 0
1 9 1
13 0 0
-1 -1 1
-1 -1 1
-1 -1 1
# Battle field states
 9 9 0 0 0 8 2 9 2 2 8 2 8 8 8
 9 8 0 0 0 0 2 2 9 2 2 2 8 8 8
 8 0 8 0 0 0 2 3 2 9 4 4 8 8 8
 1 0 0 0 0 0 0 0 0 4 9 4 4 8 8
 1 1 8 0 0 0 8 3 4 9 9 9 8 8 8
 1 1 1 0 0 0 4 3 9 9 9 9 9 4 9
 1 1 1 1 0 3 3 9 9 9 9 9 9 9 9
 8 1 1 1 0 3 9 9 9 9 9 9 9 9 9
 1 1 1 5 5 5 9 9 9 9 9 9 9 9 9
 1 1 1 1 5 5 5 9 9 9 9 9 9 9 9
 8 1 1 5 5 5 9 9 9 9 9 9 9 9 9
 8 1 1 8 8 9 9 9 9 9 9 9 9 9 9
 8 8 8 8 9 9 9 9 9 9 9 9 9 9 9
 8 8 8 9 9 9 9 9 9 9 9 9 9 9 9
 9 8 9 9 9 9 9 9 9 9 9 9 9 9 9
# Turn information for samurai of side 0 with weapon 2
# <turn>
76
# <cure period>
0
# Samurai states: <position x> <position y> <hiding>
1 3 1
1 11 1
13 0 0
-1 -1 1
-1 -1 1
-1 -1 1
# Battle field states
 8 0 0 0 9 9 9 9 2 2 8 2 2 8 2
 8 8 0 0 0 9 9 9 9 2 2 2 2 2 2
 8 0 8 0 0 0 9 9 9 9 4 4 8 8 8
 1 0 0 0 0 0 0 9 9 9 9 4 4 8 8
 1 1 8 0 0 0 9 9 9 9 9 9 8 8 8
 1 1 1 0 0 9 9 9 9 9 9 9 9 4 9
 1 1 1 1 9 9 9 9 9 9 9 9 9 9 9
 8 1 1 9 9 9 9 9 9 9 9 9 9 9 9
 1 1 1 5 9 9 9 9 9 9 9 9 9 9 9
 1 1 1 1 5 9 9 9 9 9 9 9 9 9 9
 8 1 1 5 5 5 9 9 9 9 9 9 9 9 9
 8 1 1 8 8 8 8 9 9 9 9 9 9 9 9
 8 8 8 8 8 8 9 9 9 9 9 9 9 9 9
 8 8 8 8 8 9 9 9 9 9 9 9 9 9 9
 8 8 8 8 9 9 9 9 9 9 9 9 9 9 9
# Turn information for samurai of side 0 with weapon 2
# <turn>
83
# <cure period>
0
# Samurai states: <position x> <position y> <hiding>
3 4 1
1 11 1
14 1 1
-1 -1 1
-1 -1 1
-1 -1 1
# Battle field states
 9 9 0 0 0 9 9 9 9 9 8 2 2 8 2
 9 8 0 0 0 0 9 9 9 2 2 2 2 2 2
 8 0 8 0 0 0 2 9 9 9 4 4 8 8 8
 1 0 0 0 0 0 0 0 9 9 9 4 4 8 8
 1 1 8 0 0 0 8 3 3 9 9 9 8 8 8
 1 1 1 0 0 0 4 3 9 9 9 9 9 4 8
 1 1 1 1 0 3 3 9 9 9 9 9 9 9 8
 8 1 1 1 0 3 9 9 9 9 9 9 9 9 9
 1 1 1 5 5 9 9 9 9 9 9 9 9 9 9
 1 1 1 1 5 9 9 9 9 9 9 9 9 9 9
 8 1 1 5 5 5 9 9 9 9 9 9 9 9 9
 1 1 1 8 8 5 5 9 9 9 9 9 9 9 9
 1 1 8 8 8 5 9 9 9 9 9 9 9 9 9
 8 1 8 8 8 9 9 9 9 9 9 9 9 9 9
 8 8 8 8 9 9 9 9 9 9 9 9 9 9 9
# Turn information for samurai of side 0 with weapon 2
# <turn>
88
# <cure period>
0
# Samurai states: <position x> <position y> <hiding>
1 3 1
1 11 1
14 1 1
-1 -1 1
-1 -1 1
-1 -1 1
# Battle field states
 8 0 0 0 9 9 9 9 9 9 8 2 2 2 2
 8 8 0 0 0 9 9 9 9 2 2 2 2 2 2
 8 0 8 0 0 0 9 9 9 9 4 4 8 2 2
 1 0 0 0 0 0 0 9 9 9 9 4 4 8 8
 1 1 8 0 0 0 9 9 9 9 9 9 8 8 8
 1 1 1 0 0 9 9 9 9 9 9 9 9 4 8
 1 1 1 1 9 9 9 9 9 9 9 9 9 9 8
 8 1 1 9 9 9 9 9 9 9 9 9 9 9 9
 1 1 1 5 9 9 9 9 9 9 9 9 9 9 9
 1 1 1 1 5 9 9 9 9 9 9 9 9 9 9
 8 1 1 5 5 5 9 9 9 9 9 9 9 9 9
 1 1 1 8 8 5 5 9 9 9 9 9 9 9 9
 1 1 8 8 8 5 9 9 9 9 9 9 9 9 9
 8 1 8 8 8 9 9 9 9 9 9 9 9 9 9
 8 8 8 8 9 9 9 9 9 9 9 9 9 9 9
# Turn information for samurai of side 0 with weapon 2
# <turn>
95
# <cure period>
0
# Samurai states: <position x> <position y> <hiding>
0 3 0
2 11 0
14 1 1
-1 -1 1
-1 -1 1
-1 -1 1
# Battle field states
 8 0 0 9 9 9 9 9 9 9 8 2 2 2 2
 0 8 0 0 9 9 9 9 9 2 2 2 2 2 2
 0 0 8 0 0 9 9 9 9 9 4 4 8 2 2
 1 0 0 0 0 0 9 9 9 9 9 4 4 8 8
 1 1 8 0 0 9 9 9 9 9 9 9 8 8 8
 1 1 1 0 9 9 9 9 9 9 9 9 9 4 8
 1 1 1 9 9 9 9 9 9 9 9 9 9 9 8
 8 1 4 4 9 9 9 9 9 9 9 9 9 9 9
 3 3 3 3 5 9 9 9 9 9 9 9 9 9 9
 1 1 1 1 5 5 9 9 9 9 9 9 9 9 9
 8 1 1 5 5 5 5 9 9 9 9 9 9 9 9
 1 1 1 1 1 5 5 5 9 9 9 9 9 9 9
 1 1 1 1 8 5 5 9 9 9 9 9 9 9 9
 8 1 1 8 8 5 9 9 9 9 9 9 9 9 9
 8 8 8 8 8 9 9 9 9 9 9 9 9 9 9
