# <# turns> <side> <weapon> <width> <height> <cure period>
96 0 1 15 15 20
# Home positions
0 0
0 7
7 0
14 14
14 7
7 14
# Ranks and scores of samurai
0 0
0 0
0 0
0 0
0 0
0 0
# Turn information for samurai of side 0 with weapon 1
# <turn>
3
# <cure period>
0
# Samurai states: <position x> <position y> <hiding>
0 1 0
0 7 0
7 0 0
-1 -1 1
-1 -1 1
-1 -1 1
# Battle field states
 8 0 0 0 0 8 8 8 8 8 8 8 8 9 9
 8 8 8 8 8 8 8 8 8 8 8 8 9 9 9
 8 8 8 8 8 8 8 8 8 8 8 9 9 9 9
 8 8 8 8 9 8 8 8 8 8 9 9 9 9 9
 8 8 8 9 9 9 8 8 8 9 9 9 9 9 9
 8 8 8 8 9 9 9 8 9 9 9 9 9 9 9
 8 8 8 8 8 9 9 9 9 9 9 9 9 9 9
 8 8 8 8 8 8 9 9 9 9 9 9 9 9 9
 8 8 8 8 8 9 9 9 9 9 9 9 9 9 9
 8 8 8 8 9 9 9 9 9 9 9 9 9 9 9
 8 8 8 9 9 9 9 9 9 9 9 9 9 9 9
 8 8 9 9 9 9 9 9 9 9 9 9 9 9 9
 8 9 9 9 9 9 9 9 9 9 9 9 9 9 9
 9 9 9 9 9 9 9 9 9 9 9 9 9 9 9
 9 9 9 9 9 9 9 9 9 9 9 9 9 9 9
# Turn information for samurai of side 0 with weapon 1
# <turn>
8
# <cure period>
0
# Samurai states: <position x> <position y> <hiding>
1 1 0
1 7 0
7 1 0
-1 -1 1
-1 -1 1
-1 -1 1
# Battle field states
 8 0 0 0 0 8 2 8 2 8 8 8 9 9 9
 8 8 8 8 8 8 2 8 2 8 8 8 8 9 9
 0 8 8 8 8 8 2 2 2 8 8 8 9 9 9
 0 8 8 8 8 8 8 8 8 8 8 9 9 9 9
 0 8 8 8 9 8 8 8 8 8 9 9 9 9 9
 0 8 8 8 8 9 8 8 8 9 9 9 9 9 9
 8 8 8 8 8 8 9 8 9 9 9 9 9 9 9
 8 8 1 1 8 8 8 9 9 9 9 9 9 9 9
 8 1 1 8 8 8 9 9 9 9 9 9 9 9 9
 8 1 8 8 8 9 9 9 9 9 9 9 9 9 9
 8 8 8 8 9 9 9 9 9 9 9 9 9 9 9
 8 8 8 9 9 9 9 9 9 9 9 9 9 9 9
 9 8 9 9 9 9 9 9 9 9 9 9 9 9 9
 9 9 9 9 9 9 9 9 9 9 9 9 9 9 9
 9 9 9 9 9 9 9 9 9 9 9 9 9 9 9
# Turn information for samurai of side 0 with weapon 1
# <turn>
15
# <cure period>
0
# Samurai states: <position x> <position y> <hiding>
1 2 0
2 7 1
7 4 0
-1 -1 1
-1 -1 1
-1 -1 1
# Battle field states
 8 0 0 0 0 9 2 8 2 9 9 9 9 9 9
 8 8 8 8 8 8 2 8 2 8 9 9 9 9 9
 0 8 0 0 0 0 2 2 2 8 8 9 9 9 9
 0 8 8 8 8 8 8 8 8 8 8 8 9 9 9
 0 8 8 8 8 8 8 8 8 8 8 8 8 9 9
 0 8 1 8 8 8 8 8 8 8 8 8 9 9 9
 8 8 1 1 8 8 8 8 8 8 8 9 9 9 9
 8 8 1 1 1 8 8 8 8 8 9 9 9 9 9
 8 1 1 8 8 8 8 8 8 9 9 9 9 9 9
 8 1 8 8 8 8 9 8 9 9 9 9 9 9 9
 8 8 8 8 8 9 9 9 9 9 9 9 9 9 9
 9 8 8 8 9 9 9 9 9 9 9 9 9 9 9
 9 9 8 9 9 9 9 9 9 9 9 9 9 9 9
 9 9 9 9 9 9 9 9 9 9 9 9 9 9 9
 9 9 9 9 9 9 9 9 9 9 9 9 9 9 9
# Turn information for samurai of side 0 with weapon 1
# <turn>
20
# <cure period>
0
# Samurai states: <position x> <position y> <hiding>
1 3 0
3 7 0
7 5 0
-1 -1 1
-1 -1 1
-1 -1 1
# Battle field states
 8 0 0 0 9 9 9 8 9 9 9 9 9 9 9
 8 8 8 8 8 9 2 8 2 9 9 9 9 9 9
 0 8 0 0 0 0 2 2 2 8 9 9 9 9 9
 0 8 8 8 8 8 8 8 8 8 8 9 9 9 9
 0 0 8 8 8 8 2 2 2 8 8 8 9 9 9
 0 0 1 8 8 8 2 8 8 8 8 8 4 9 9
 8 0 1 1 8 8 2 2 2 8 8 4 9 9 9
 8 0 1 1 1 1 8 8 8 8 4 9 9 9 9
 8 1 1 1 1 8 8 8 8 8 9 9 9 9 9
 8 1 8 1 8 8 8 8 8 9 9 9 9 9 9
 9 8 8 8 8 8 9 8 9 9 9 9 9 9 9
 9 9 8 8 8 9 9 9 9 9 9 9 9 9 9
 9 9 9 8 9 9 9 9 9 9 9 9 9 9 9
 9 9 9 9 9 9 9 9 9 9 9 9 9 9 9
 9 9 9 9 9 9 9 9 9 9 9 9 9 9 9
# Turn information for samurai of side 0 with weapon 1
# <turn>
27
# <cure period>
0
# Samurai states: <position x> <position y> <hiding>
2 3 0
4 7 1
8 5 0
-1 -1 1
-1 -1 1
-1 -1 1
# Battle field states
 8 0 0 0 0 9 9 9 2 9 9 9 9 9 9
 8 8 8 8 8 8 9 8 2 8 9 9 9 9 9
 0 8 0 0 0 0 2 2 2 8 8 9 9 9 9
 0 8 8 0 0 0 0 8 8 8 8 8 9 9 9
 0 0 8 8 8 8 2 2 2 2 8 8 8 9 9
 0 0 1 8 1 8 2 2 8 2 8 8 4 8 9
 8 0 1 1 1 1 2 2 2 2 8 4 4 9 9
 8 0 1 1 1 1 1 8 8 8 4 4 9 9 9
 8 1 1 1 1 8 8 8 8 4 4 9 9 9 9
 9 1 8 1 8 8 8 8 8 8 9 9 9 9 9
 9 9 8 8 8 8 5 9 5 9 9 9 9 9 9
 9 9 9 8 8 8 9 9 9 9 9 9 9 9 9
 9 9 9 9 8 9 9 9 9 9 9 9 9 9 9
 9 9 9 9 9 9 9 9 9 9 9 9 9 9 9
 9 9 9 9 9 9 9 9 9 9 9 9 9 9 9
# Turn information for samurai of side 0 with weapon 1
# <turn>
32
# <cure period>
0
# Samurai states: <position x> <position y> <hiding>
2 4 0
5 7 0
9 5 1
-1 -1 1
-1 -1 1
7 10 0
# Battle field states
 9 0 0 0 9 9 9 9 9 8 9 9 9 9 9
 8 8 8 8 8 9 9 9 2 8 8 9 9 9 9
 0 8 0 0 0 0 9 2 2 8 8 8 9 9 9
 0 8 8 0 0 0 0 8 8 8 8 8 8 9 9
 0 0 8 0 0 0 0 2 2 2 2 8 8 8 9
 0 0 1 8 1 8 2 2 2 2 2 8 4 8 4
 8 0 1 1 1 1 2 2 2 2 2 4 4 4 9
 8 0 1 1 1 1 1 1 8 8 4 4 4 9 9
 9 1 1 1 1 1 1 8 8 4 4 4 9 9 9
 9 9 8 1 8 1 5 5 5 8 4 9 9 9 9
 9 9 9 8 8 8 5 5 9 8 9 9 9 9 9
 9 9 9 9 8 8 5 9 9 9 9 9 9 9 9
 9 9 9 9 9 8 9 9 9 9 9 9 9 9 9
 9 9 9 9 9 9 9 9 9 9 9 9 9 9 9
 9 9 9 9 9 9 9 9 9 9 9 9 9 9 9
# Turn information for samurai of side 0 with weapon 1
# <turn>
39
# <cure period>
0
# Samurai states: <position x> <position y> <hiding>
2 5 1
5 6 1
8 6 1
-1 -1 1
10 7 0
6 10 0
# Battle field states
 9 9 0 9 9 9 9 9 9 9 9 9 9 9 9
 9 8 0 8 9 8 9 9 2 9 9 9 9 9 9
 0 8 0 0 0 0 2 2 2 8 9 9 9 9 9
 0 8 0 0 0 0 0 8 8 8 8 9 9 9 9
 0 0 0 0 0 1 0 2 2 2 2 8 9 9 9
 0 0 1 8 1 1 1 2 2 2 4 8 4 9 9
 8 0 1 1 1 1 1 1 2 4 4 4 4 4 9
 8 0 1 1 1 1 1 1 4 4 4 4 4 9 9
 8 1 1 1 1 1 1 8 4 4 4 4 9 9 9
 9 1 8 1 8 5 5 5 5 8 4 9 9 9 9
 9 9 8 9 8 5 5 5 5 8 9 9 9 9 9
 9 9 9 9 9 5 9 9 5 9 9 9 9 9 9
 9 9 9 9 9 9 9 9 9 9 9 9 9 9 9
 9 9 9 9 9 9 9 9 9 9 9 9 9 9 9
 9 9 9 9 9 9 9 9 9 9 9 9 9 9 9
# Turn information for samurai of side 0 with weapon 1
# <turn>
44
# <cure period>
0
# Samurai states: <position x> <position y> <hiding>
5 5 0
7 7 1
9 6 0
-1 -1 1
-1 -1 1
6 9 0
# Battle field states
 9 9 9 9 9 8 9 9 9 9 9 9 9 9 9
 9 9 9 9 8 8 2 9 9 8 9 9 9 9 9
 9 9 9 0 0 0 2 2 2 8 8 9 9 9 9
 9 9 0 0 0 0 0 8 8 8 8 8 9 9 9
 9 0 0 0 0 1 0 2 2 2 2 8 8 9 9
 0 0 1 8 1 1 1 2 2 2 2 8 4 8 9
 9 0 1 1 1 1 1 1 2 4 2 4 4 4 4
 9 9 1 1 1 1 1 1 2 2 2 4 4 4 9
 9 9 9 1 1 5 5 5 4 4 4 4 8 9 9
 9 9 9 9 8 5 5 5 5 8 4 4 9 9 9
 9 9 9 9 9 5 5 5 5 3 3 9 9 9 9
 9 9 9 9 9 9 5 5 5 3 9 9 9 9 9
 9 9 9 9 9 9 9 5 9 9 9 9 9 9 9
 9 9 9 9 9 9 9 9 9 9 9 9 9 9 9
 9 9 9 9 9 9 9 9 9 9 9 9 9 9 9
# Turn information for samurai of side 0 with weapon 1
# <turn>
51
# <cure period>
0
# Samurai states: <position x> <position y> <hiding>
5 6 1
7 8 0
10 4 1
-1 -1 1
-1 -1 1
-1 -1 1
# Battle field states
 9 9 9 9 9 9 9 9 9 8 8 8 9 9 9
 9 9 9 9 9 8 9 9 2 8 8 8 8 9 9
 9 9 9 9 0 0 2 2 2 8 8 8 8 8 9
 9 9 9 0 0 0 0 8 8 8 8 8 8 8 8
 9 9 0 0 0 1 0 2 2 2 2 8 8 8 8
 9 0 1 8 1 1 1 2 2 2 2 8 4 3 4
 8 0 1 1 1 1 1 1 2 4 2 4 4 3 9
 9 0 1 1 1 0 1 1 2 2 2 4 4 9 9
 9 9 1 1 1 0 1 5 4 4 4 4 8 9 9
 9 9 9 1 8 0 1 1 5 8 4 4 9 9 9
 9 9 9 9 8 0 5 1 5 3 3 9 9 9 9
 9 9 9 9 9 5 5 5 5 3 9 9 9 9 9
 9 9 9 9 9 9 5 5 5 9 9 9 9 9 9
 9 9 9 9 9 9 9 5 9 9 9 9 9 9 9
 9 9 9 9 9 9 9 9 9 9 9 9 9 9 9
# Turn information for samurai of side 0 with weapon 1
# <turn>
56
# <cure period>
0
# Samurai states: <position x> <position y> <hiding>
6 7 1
7 5 1
10 4 1
-1 -1 1
-1 -1 1
-1 -1 1
# Battle field states
 9 9 9 9 9 9 9 8 9 8 8 8 9 9 9
 9 9 9 9 9 9 2 8 2 8 8 8 8 9 9
 9 9 9 9 9 0 2 2 2 8 8 8 8 8 9
 9 9 9 9 0 0 0 8 8 2 2 2 8 8 8
 9 9 9 0 0 1 0 2 2 2 2 2 8 8 8
 9 9 1 8 1 1 1 2 2 2 2 2 4 3 4
 9 9 1 1 1 1 1 1 2 4 2 4 4 3 9
 9 0 1 1 1 0 1 1 2 2 2 4 4 9 9
 9 9 1 1 1 0 1 5 4 4 4 4 9 9 9
 9 9 9 1 8 0 1 1 5 3 3 9 9 9 9
 9 9 9 9 8 0 5 1 5 9 9 9 9 9 9
 9 9 9 9 9 5 5 5 9 9 9 9 9 9 9
 9 9 9 9 9 9 5 9 9 9 9 9 9 9 9
 9 9 9 9 9 9 9 9 9 9 9 9 9 9 9
 9 9 9 9 9 9 9 9 9 9 9 9 9 9 9
# Turn information for samurai of side 0 with weapon 1
# <turn>
63
# <cure period>
0
# Samurai states: <position x> <position y> <hiding>
5 8 1
6 3 1
11 3 1
-1 -1 1
-1 -1 1
-1 -1 1
# Battle field states
 9 9 9 9 0 8 2 8 2 8 8 8 8 8 9
 9 9 9 8 8 8 2 8 2 8 8 8 8 8 8
 9 9 0 0 0 0 2 2 2 8 8 8 8 8 8
 9 8 0 0 0 0 0 8 8 2 2 2 8 8 8
 9 9 0 0 0 1 0 2 2 2 2 2 8 8 8
 9 9 9 8 1 1 1 2 2 2 2 2 4 3 4
 9 9 1 1 1 1 1 1 2 4 2 4 4 3 9
 9 0 1 1 1 0 1 1 2 3 3 3 3 9 9
 8 1 1 1 1 0 1 5 4 4 4 4 9 9 9
 9 1 8 1 8 0 1 1 5 3 9 9 9 9 9
 9 9 8 8 8 0 5 1 5 9 9 9 9 9 9
 9 9 9 8 8 5 5 5 9 9 9 9 9 9 9
 9 9 9 9 8 8 5 9 9 9 9 9 9 9 9
 9 9 9 9 9 8 9 9 9 9 9 9 9 9 9
 9 9 9 9 9 9 9 9 9 9 9 9 9 9 9
# Turn information for samurai of side 0 with weapon 1
# <turn>
68
# <cure period>
0
# Samurai states: <position x> <position y> <hiding>
6 8 0
7 3 0
11 2 0
-1 -1 1
-1 -1 1
-1 -1 1
# Battle field states
 9 9 9 9 9 8 2 8 2 8 8 8 8 8 8
 9 9 9 9 8 8 1 8 2 8 2 2 2 8 8
 9 9 9 0 0 0 1 1 2 8 2 8 2 8 8
 9 9 0 0 0 0 0 1 1 2 2 2 3 8 8
 9 9 9 0 0 1 0 2 2 2 2 2 3 8 8
 9 9 9 9 1 1 1 2 2 2 2 2 3 3 9
 9 9 9 1 1 1 1 1 2 4 2 4 3 9 9
 9 9 1 1 1 0 1 1 2 3 3 3 9 9 9
 9 1 1 1 1 0 1 0 0 0 0 4 9 9 9
 9 9 8 1 8 0 1 1 5 3 3 9 9 9 9
 9 9 9 8 8 0 5 1 5 3 9 9 9 9 9
 9 9 9 9 8 5 5 5 5 9 9 9 9 9 9
 9 9 9 9 9 8 5 5 9 9 9 9 9 9 9
 9 9 9 9 9 9 5 9 9 9 9 9 9 9 9
 9 9 9 9 9 9 9 9 9 9 9 9 9 9 9
# Turn information for samurai of side 0 with weapon 1
# <turn>
75
# <cure period>
0
# Samurai states: <position x> <position y> <hiding>
5 9 1
7 2 0
12 1 1
-1 -1 1
-1 -1 1
-1 -1 1
# Battle field states
 9 9 9 9 0 8 2 8 2 8 8 8 8 8 8
 9 9 9 8 8 8 1 1 1 8 2 2 2 8 8
 9 9 0 0 0 0 1 1 1 1 2 8 2 8 8
 9 9 9 0 0 0 0 1 1 2 2 3 3 8 8
 9 9 9 9 0 1 0 2 2 2 2 3 3 8 4
 9 9 9 9 1 1 1 2 2 2 9 3 3 4 9
 9 9 9 1 1 1 1 1 2 9 9 9 4 9 9
 9 9 1 1 1 0 1 1 2 9 9 9 9 9 9
 9 1 1 1 1 0 1 0 0 0 9 9 9 9 9
 8 1 8 1 8 0 1 1 5 3 3 9 9 9 9
 9 8 8 8 8 0 5 1 5 3 9 9 9 9 9
 9 9 8 8 8 5 5 5 5 9 9 9 9 9 9
 9 9 9 8 8 8 5 5 9 9 9 9 9 9 9
 9 9 9 9 8 8 5 9 9 9 9 9 9 9 9
 9 9 9 9 9 8 9 9 9 9 9 9 9 9 9
# Turn information for samurai of side 0 with weapon 1
# <turn>
80
# <cure period>
0
# Samurai states: <position x> <position y> <hiding>
6 9 0
9 3 1
12 2 0
10 7 0
-1 -1 1
-1 -1 1
# Battle field states
 9 9 9 9 9 9 9 8 2 8 8 8 8 8 8
 9 9 9 9 9 9 1 1 1 8 2 2 2 2 8
 9 9 9 9 9 0 1 1 1 1 2 2 2 2 8
 9 9 9 9 0 0 0 1 1 2 3 2 2 2 8
 9 9 9 9 9 1 0 2 2 2 3 3 3 8 4
 9 9 9 9 9 1 1 2 2 2 3 3 3 4 4
 9 9 9 9 1 1 1 1 2 4 3 3 4 4 9
 9 9 9 1 1 0 1 1 2 3 3 9 4 9 9
 9 9 1 1 1 0 1 0 0 0 0 9 9 9 9
 9 1 8 1 8 0 1 1 5 3 3 3 9 9 9
 9 9 8 8 8 0 0 1 5 3 3 9 9 9 9
 9 9 9 8 8 5 0 5 5 3 9 9 9 9 9
 9 9 9 9 8 8 0 5 5 9 9 9 9 9 9
 9 9 9 9 9 8 0 5 9 9 9 9 9 9 9
 9 9 9 9 9 9 5 9 9 9 9 9 9 9 9
# Turn information for samurai of side 0 with weapon 1
# <turn>
87
# <cure period>
0
# Samurai states: <position x> <position y> <hiding>
6 9 1
8 4 1
12 3 1
-1 -1 1
-1 -1 1
-1 -1 1
# Battle field states
 9 9 9 9 9 9 9 8 2 8 8 8 8 8 8
 9 9 9 9 9 9 1 1 1 8 2 2 2 2 8
 9 9 9 9 9 0 1 1 1 1 2 2 2 2 8
 9 9 9 9 0 0 0 1 1 2 3 2 2 2 4
 9 9 9 0 0 1 0 2 2 2 3 2 2 4 4
 9 9 9 9 1 1 1 2 2 2 3 3 4 4 4
 9 9 9 9 1 1 1 1 2 4 3 3 4 4 4
 9 9 9 1 1 3 3 3 3 3 3 3 4 4 9
 9 9 1 1 1 0 1 0 0 0 0 9 4 9 9
 9 1 8 1 8 0 1 0 0 0 0 3 9 9 9
 9 9 8 8 8 0 0 1 5 3 3 9 9 9 9
 9 9 9 8 8 5 0 5 5 3 9 9 9 9 9
 9 9 9 9 8 8 0 5 5 9 9 9 9 9 9
 9 9 9 9 9 8 0 5 9 9 9 9 9 9 9
 9 9 9 9 9 9 5 9 9 9 9 9 9 9 9
# Turn information for samurai of side 0 with weapon 1
# <turn>
92
# <cure period>
0
# Samurai states: <position x> <position y> <hiding>
7 9 0
7 5 1
11 3 0
8 7 0
-1 -1 1
-1 -1 1
# Battle field states
 9 9 9 9 9 9 9 8 9 8 8 8 8 8 9
 9 9 9 9 9 9 1 1 1 8 2 2 2 2 8
 9 9 9 9 9 0 1 1 1 1 2 2 2 2 8
 9 9 9 9 0 0 0 1 3 2 2 2 2 2 4
 9 9 9 0 0 1 0 2 3 2 2 2 2 4 4
 9 9 1 8 1 1 1 2 3 2 3 3 4 4 4
 9 9 9 1 1 1 1 1 3 4 3 3 4 4 9
 9 9 9 9 1 3 3 3 3 3 3 3 4 9 9
 9 9 9 1 1 0 1 0 0 0 0 4 9 9 9
 9 9 8 1 8 0 1 0 0 0 0 3 3 9 9
 9 9 9 8 8 0 0 0 5 3 3 3 9 9 9
 9 9 9 9 8 5 0 0 5 3 3 9 9 9 9
 9 9 9 9 9 8 0 0 5 3 9 9 9 9 9
 9 9 9 9 9 9 0 0 5 9 9 9 9 9 9
 9 9 9 9 9 9 9 8 9 9 9 9 9 9 9
