# <# turns> <side> <weapon> <width> <height> <cure period>
96 1 2 15 15 20
# Home positions
14 14
14 7
7 14
0 0
0 7
7 0
# Ranks and scores of samurai
0 0
0 0
0 0
0 0
0 0
0 0
# Turn information for samurai of side 1 with weapon 2
# <turn>
5
# <cure period>
0
# Samurai states: <position x> <position y> <hiding>
13 14 0
13 7 0
7 14 0
-1 -1 1
-1 -1 1
-1 -1 1
# Battle field states
 9 9 9 9 9 9 9 9 9 9 9 9 9 9 9
 9 9 9 9 9 9 9 9 9 9 9 9 9 9 9
 9 9 9 9 9 9 9 9 9 9 9 9 9 8 9
 9 9 9 9 9 9 9 9 9 9 9 9 8 8 8
 9 9 9 9 9 9 9 9 9 9 9 8 8 8 8
 9 9 9 9 9 9 9 9 9 9 8 8 8 8 8
 9 9 9 9 9 9 9 9 9 8 8 8 8 8 8
 9 9 9 9 9 9 9 9 8 8 8 1 1 8 8
 9 9 9 9 9 9 9 9 9 8 8 8 1 1 8
 9 9 9 9 9 9 9 8 9 9 8 8 8 1 8
 9 9 9 9 9 9 8 8 8 9 9 8 8 8 0
 9 9 9 9 9 8 8 8 8 8 9 8 8 8 0
 9 9 9 9 8 8 8 8 8 8 8 8 8 8 0
 9 9 9 8 8 8 8 8 8 8 8 8 8 8 0
 9 9 8 8 8 8 8 8 8 8 8 8 8 8 8
# Turn information for samurai of side 1 with weapon 2
# <turn>
10
# <cure period>
0
# Samurai states: <position x> <position y> <hiding>
12 14 0
13 6 0
7 13 0
-1 -1 1
-1 -1 1
-1 -1 1
# Battle field states
 9 9 9 9 9 9 9 9 9 9 9 9 9 9 9
 9 9 9 9 9 9 9 9 9 9 9 9 9 8 9
 9 9 9 9 9 9 9 9 9 9 9 9 8 8 8
 9 9 9 9 9 9 9 9 9 9 9 8 8 8 8
 9 9 9 9 9 9 9 9 9 9 8 8 8 1 8
 9 9 9 9 9 9 9 9 9 8 8 8 1 1 8
 9 9 9 9 9 9 9 9 8 8 8 1 1 8 8
 9 9 9 9 9 9 9 9 9 8 8 1 1 8 8
 9 9 9 9 9 9 9 8 9 9 8 8 1 1 8
 9 9 9 9 9 9 8 8 8 9 9 8 8 1 8
 9 9 9 9 9 8 8 8 8 8 9 8 8 0 0
 9 9 9 9 8 8 8 8 8 8 8 8 8 0 0
 9 9 9 8 8 8 2 2 2 8 8 8 8 0 0
 9 9 8 8 8 8 2 8 2 8 8 8 8 0 0
 9 9 9 8 8 8 2 8 2 8 8 8 8 8 8
# Turn information for samurai of side 1 with weapon 2
# <turn>
17
# <cure period>
0
# Samurai states: <position x> <position y> <hiding>
12 13 0
12 6 1
7 10 0
-1 -1 1
-1 -1 1
-1 -1 1
# Battle field states
 9 9 9 9 9 9 9 9 9 9 9 9 9 9 9
 9 9 9 9 9 9 9 9 9 9 9 9 8 9 9
 9 9 9 9 9 9 9 9 9 9 9 8 8 8 9
 9 9 9 9 9 9 9 9 9 9 8 8 8 8 8
 9 9 9 9 9 9 9 9 9 8 8 8 1 1 8
 9 9 9 9 9 9 9 8 8 8 8 8 1 1 8
 9 9 9 9 9 9 8 8 8 8 8 1 1 1 1
 9 9 9 9 9 8 8 8 8 8 8 1 1 8 8
 9 9 9 9 8 8 8 8 8 8 8 8 1 1 8
 9 9 9 8 8 8 8 8 8 8 8 8 0 1 8
 9 9 8 8 8 8 8 8 8 8 8 8 0 0 0
 9 9 9 8 8 8 8 8 8 8 8 8 0 0 0
 9 9 9 9 8 8 2 2 2 8 8 8 0 0 0
 9 9 9 9 9 8 2 8 2 8 8 8 8 0 0
 9 9 9 9 9 9 2 8 2 8 8 8 8 8 8
# Turn information for samurai of side 1 with weapon 2
# <turn>
22
# <cure period>
0
# Samurai states: <position x> <position y> <hiding>
11 13 0
11 6 0
7 9 0
-1 -1 1
-1 -1 1
-1 -1 1
# Battle field states
 9 9 9 9 9 9 9 9 9 9 9 9 9 9 9
 9 9 9 9 9 9 9 9 9 9 9 8 9 9 9
 9 9 9 9 9 9 9 9 9 9 8 8 8 9 9
 9 9 9 9 9 9 9 9 9 8 8 8 8 8 9
 9 9 9 9 9 9 9 8 8 8 8 1 1 1 8
 9 9 9 9 9 9 8 8 8 8 1 1 1 1 8
 9 9 9 9 9 8 8 8 8 1 1 1 1 1 1
 9 9 9 9 4 8 8 8 8 8 8 1 1 8 8
 9 9 9 4 8 8 8 8 8 8 8 8 1 1 8
 9 9 4 8 8 8 2 8 2 8 8 0 0 1 9
 9 9 9 8 8 8 2 8 2 8 8 0 0 0 9
 9 9 9 9 8 8 2 2 2 8 8 0 0 0 0
 9 9 9 9 9 8 2 2 2 8 8 0 0 0 0
 9 9 9 9 9 9 2 8 2 8 8 8 8 0 0
 9 9 9 9 9 9 9 8 2 8 8 8 8 8 8
# Turn information for samurai of side 1 with weapon 2
# <turn>
29
# <cure period>
0
# Samurai states: <position x> <position y> <hiding>
10 13 0
10 6 1
6 9 1
-1 -1 1
-1 -1 1
7 4 0
# Battle field states
 9 9 9 9 9 9 9 9 9 9 9 9 9 9 9
 9 9 9 9 9 9 9 9 9 9 8 9 9 9 9
 9 9 9 9 9 9 9 9 9 8 8 8 9 9 9
 9 9 9 9 9 9 9 9 5 8 8 8 8 9 9
 9 9 9 9 9 9 5 5 5 8 8 1 1 1 9
 9 9 9 9 9 8 5 5 5 8 1 1 1 1 8
 9 9 9 9 4 4 8 8 1 1 1 1 1 1 1
 9 9 9 4 4 8 8 8 8 1 1 1 1 8 8
 9 9 4 4 8 2 2 2 8 8 1 8 1 1 9
 9 8 4 8 8 2 2 2 2 8 0 0 0 9 9
 9 9 8 8 8 2 2 2 2 8 0 0 0 9 9
 9 9 9 8 8 8 2 2 2 8 0 0 0 0 9
 9 9 9 9 8 8 2 2 2 8 0 0 0 0 0
 9 9 9 9 9 8 2 8 2 8 8 8 8 0 0
 9 9 9 9 9 9 2 8 2 8 8 8 8 8 8
# Turn information for samurai of side 1 with weapon 2
# <turn>
34
# <cure period>
0
# Samurai states: <position x> <position y> <hiding>
9 13 0
9 6 0
7 7 0
-1 -1 1
-1 -1 1
7 4 0
# Battle field states
 9 9 9 9 9 9 9 9 9 9 9 9 9 9 9
 9 9 9 9 9 9 9 9 9 8 9 9 9 9 9
 9 9 9 9 9 9 9 5 5 8 8 9 9 9 9
 9 9 9 9 9 9 3 5 5 8 8 8 9 9 9
 9 9 9 9 9 8 5 5 5 1 8 1 1 9 9
 9 9 9 9 4 8 5 5 1 1 1 1 1 1 9
 9 9 9 4 4 4 4 1 1 1 1 1 1 1 1
 9 9 4 4 4 4 8 8 8 1 1 1 1 8 9
 9 9 9 4 4 2 2 2 8 8 1 8 1 9 9
 9 9 9 9 8 2 2 2 2 0 0 0 9 9 9
 9 9 9 9 9 2 2 2 2 0 0 0 9 9 9
 9 9 9 9 9 9 2 2 2 0 0 0 0 9 9
 9 9 9 9 9 8 2 2 2 0 0 0 0 0 9
 9 9 9 9 8 8 2 8 2 8 8 8 8 0 0
 9 9 9 9 9 8 2 8 2 8 8 8 8 8 9
# Turn information for samurai of side 1 with weapon 2
# <turn>
41
# <cure period>
0
# Samurai states: <position x> <position y> <hiding>
8 13 1
9 9 1
6 9 1
-1 -1 1
5 6 0
-1 -1 1
# Battle field states
 9 9 9 9 9 9 9 9 9 9 9 9 9 9 9
 9 9 9 9 9 9 9 9 9 9 9 9 9 9 9
 9 9 9 9 9 9 9 9 9 9 9 9 9 9 9
 9 9 9 9 9 9 9 9 9 9 9 9 9 9 9
 9 9 9 9 9 9 5 9 9 1 9 9 9 9 9
 9 9 9 9 9 5 5 5 5 1 1 9 9 9 9
 9 9 9 9 4 4 4 4 1 1 1 1 9 9 9
 9 9 9 4 4 4 4 8 8 1 1 1 1 9 9
 9 9 4 4 4 4 2 2 8 8 1 8 1 1 9
 9 8 4 8 8 2 2 2 2 0 0 0 0 1 8
 9 9 8 8 8 2 2 2 2 0 0 0 0 0 9
 9 9 9 8 8 8 2 2 2 0 0 0 0 9 9
 9 9 9 9 8 8 2 2 2 0 0 0 0 9 9
 9 9 9 8 8 8 2 8 2 0 0 0 0 0 9
 9 9 9 9 8 8 2 8 2 8 8 8 8 9 9
# Turn information for samurai of side 1 with weapon 2
# <turn>
46
# <cure period>
0
# Samurai states: <position x> <position y> <hiding>
8 12 0
8 7 0
7 8 1
-1 -1 1
6 6 0
7 4 0
# Battle field states
 9 9 9 9 9 9 9 9 9 9 9 9 9 9 9
 9 9 9 9 9 9 9 9 9 9 9 9 9 9 9
 9 9 9 9 9 9 9 9 5 9 9 9 9 9 9
 9 9 9 9 9 9 9 5 5 8 9 9 9 9 9
 9 9 9 9 9 9 5 5 5 1 8 9 9 9 9
 9 9 9 9 9 5 5 5 5 1 1 1 9 9 9
 9 9 9 9 4 4 4 4 4 1 1 1 1 9 9
 9 9 9 4 4 4 4 4 8 1 1 1 1 8 9
 9 9 4 4 4 4 4 2 8 8 1 8 1 9 9
 9 9 9 8 8 2 2 2 2 0 0 0 9 9 9
 9 9 9 9 8 2 2 2 2 0 0 0 9 9 9
 9 9 9 9 8 8 2 2 2 0 0 0 0 9 9
 9 9 9 8 8 8 2 2 2 0 0 0 0 0 9
 9 9 9 9 0 0 0 0 2 0 0 0 0 9 9
 9 9 9 9 9 8 2 8 2 8 8 8 9 9 9
# Turn information for samurai of side 1 with weapon 2
# <turn>
53
# <cure period>
0
# Samurai states: <position x> <position y> <hiding>
8 9 1
7 7 0
5 9 1
-1 -1 1
-1 -1 1
-1 -1 1
# Battle field states
 9 9 9 9 9 9 9 9 9 9 9 9 9 9 9
 9 9 9 9 9 9 9 9 9 9 9 9 9 9 9
 9 9 9 9 9 9 9 5 9 9 9 9 9 9 9
 9 9 9 9 9 9 5 5 5 9 9 9 9 9 9
 9 9 9 9 9 5 5 5 5 5 9 9 9 9 9
 9 9 9 9 3 5 5 5 5 5 1 9 9 9 9
 9 9 9 4 3 4 1 1 4 1 1 1 9 9 9
 9 9 4 4 4 1 1 4 8 1 1 1 1 9 9
 9 4 4 4 4 4 4 2 8 8 1 8 1 9 9
 4 8 4 8 8 2 2 2 2 0 0 0 0 1 9
 9 8 8 8 8 2 2 2 2 0 0 0 0 9 9
 9 9 8 8 8 8 2 2 2 0 0 0 9 9 9
 9 9 9 8 8 8 2 2 2 0 0 9 9 9 9
 9 9 9 9 0 0 0 0 2 0 9 9 9 9 9
 9 9 9 9 9 8 9 9 2 9 9 9 9 9 9
# Turn information for samurai of side 1 with weapon 2
# <turn>
58
# <cure period>
0
# Samurai states: <position x> <position y> <hiding>
8 8 0
7 6 1
2 9 0
-1 -1 1
0 7 0
-1 -1 1
# Battle field states
 9 9 9 9 9 9 9 9 9 9 9 9 9 9 9
 9 9 9 9 9 9 9 5 9 9 9 9 9 9 9
 9 9 9 9 9 9 5 5 5 9 9 9 9 9 9
 9 9 9 9 9 5 5 5 5 5 9 9 9 9 9
 9 9 3 9 3 5 5 1 0 5 8 9 9 9 9
 9 3 3 4 3 5 1 1 0 5 1 1 9 9 9
 8 8 3 4 3 1 1 1 0 1 1 1 1 9 9
 8 4 4 4 4 1 1 4 0 1 1 1 1 9 9
 4 4 4 4 4 4 4 2 8 8 1 8 1 1 9
 4 8 4 8 8 2 2 2 2 0 0 0 0 9 9
 8 8 8 8 8 2 2 2 2 0 0 0 9 9 9
 8 8 8 8 8 8 2 2 2 0 0 9 9 9 9
 8 8 8 8 8 9 9 2 2 0 9 9 9 9 9
 9 8 8 8 9 9 9 9 2 9 9 9 9 9 9
 9 9 8 9 9 9 9 9 9 9 9 9 9 9 9
# Turn information for samurai of side 1 with weapon 2
# <turn>
65
# <cure period>
0
# Samurai states: <position x> <position y> <hiding>
7 8 1
9 5 0
3 9 0
-1 -1 1
0 7 0
-1 -1 1
# Battle field states
 9 9 9 9 9 9 9 9 9 8 9 9 9 9 9
 9 9 9 9 9 9 9 9 5 8 8 9 9 9 9
 9 9 9 9 9 9 9 5 5 8 8 8 9 9 9
 9 9 9 9 9 9 3 5 5 5 8 8 8 9 9
 9 9 9 4 9 5 3 1 0 5 8 1 1 1 9
 9 9 3 4 3 5 3 1 0 5 1 1 1 1 8
 9 8 3 4 3 1 3 1 0 1 1 1 1 1 9
 8 4 4 4 4 1 1 4 0 1 1 1 1 9 9
 4 4 2 2 0 0 0 0 8 8 1 8 1 9 9
 4 8 2 8 8 2 2 2 2 0 0 0 9 9 9
 8 8 2 2 2 2 2 2 2 0 0 9 9 9 9
 8 8 8 8 8 8 2 2 2 0 9 9 9 9 9
 9 8 8 8 8 8 2 2 2 9 9 9 9 9 9
 9 9 8 8 0 9 9 0 9 9 9 9 9 9 9
 9 9 9 8 9 9 9 9 9 9 9 9 9 9 9
# Turn information for samurai of side 1 with weapon 2
# <turn>
70
# <cure period>
0
# Samurai states: <position x> <position y> <hiding>
7 9 1
9 4 0
3 8 1
7 2 0
0 7 0
-1 -1 1
# Battle field states
 9 9 9 9 9 9 9 9 5 8 8 9 9 9 9
 9 9 9 9 9 9 9 5 5 8 8 8 9 9 9
 9 9 9 9 9 9 5 5 5 1 8 8 8 9 9
 9 9 9 3 9 5 3 3 1 1 8 8 8 8 9
 9 9 3 4 3 5 3 1 1 5 8 1 1 1 8
 9 3 3 4 3 5 3 3 0 5 1 1 1 1 9
 8 8 3 4 3 1 3 3 0 1 1 1 1 9 9
 8 4 2 2 2 1 1 4 0 1 1 1 9 9 9
 4 4 2 2 2 0 0 0 8 8 1 8 9 9 9
 4 8 2 2 2 2 2 2 2 0 0 0 0 9 9
 8 8 2 2 2 2 2 2 2 0 0 0 9 9 9
 9 8 8 8 8 8 2 2 2 0 0 9 9 9 9
 9 9 8 8 8 8 2 2 2 0 9 9 9 9 9
 9 9 9 8 9 9 0 0 2 9 9 9 9 9 9
 9 9 9 9 9 9 9 8 9 9 9 9 9 9 9
# Turn information for samurai of side 1 with weapon 2
# <turn>
77
# <cure period>
0
# Samurai states: <position x> <position y> <hiding>
7 8 0
9 4 0
2 10 1
7 2 0
-1 -1 1
-1 -1 1
# Battle field states
 9 9 9 9 9 9 9 9 5 5 8 9 9 9 9
 9 9 9 9 9 9 9 5 5 5 8 8 9 9 9
 9 9 9 9 9 9 5 5 3 1 3 3 8 9 9
 9 9 9 9 9 5 3 3 1 1 1 8 8 8 9
 9 9 9 9 3 5 3 0 1 5 1 1 1 1 8
 9 9 3 9 9 5 3 0 0 5 1 1 1 1 9
 9 8 3 4 3 1 3 0 0 1 1 1 1 9 9
 8 4 4 4 2 1 1 0 0 1 1 1 9 9 9
 4 4 4 2 2 0 0 0 8 8 1 8 1 9 9
 4 4 2 2 2 2 2 2 2 0 0 0 9 9 9
 8 8 2 2 2 2 2 2 2 0 0 9 9 9 9
 8 8 8 8 8 8 2 2 2 0 9 9 9 9 9
 8 8 8 8 8 8 2 2 2 9 9 9 9 9 9
 8 8 8 8 0 9 9 0 9 9 9 9 9 9 9
 9 8 8 8 9 9 9 9 9 9 9 9 9 9 9
# Turn information for samurai of side 1 with weapon 2
# <turn>
82
# <cure period>
0
# Samurai states: <position x> <position y> <hiding>
6 8 1
9 4 0
2 10 1
7 2 0
2 7 0
-1 -1 1
# Battle field states
 9 9 9 9 9 9 9 9 5 5 8 9 9 9 9
 9 9 9 9 9 9 9 5 5 5 8 8 9 9 9
 9 9 9 9 9 9 5 5 3 1 3 3 8 9 9
 9 9 9 9 9 5 3 3 1 1 1 8 8 8 9
 9 9 9 9 3 5 0 1 1 5 1 1 1 1 8
 9 9 3 9 3 5 0 3 1 1 1 1 1 1 9
 9 8 3 4 3 1 0 3 0 1 1 1 1 9 9
 8 4 4 4 4 1 0 0 0 1 1 1 9 9 9
 4 4 4 4 2 0 0 0 8 8 1 8 9 9 9
 4 2 4 2 2 2 2 2 2 0 0 9 9 9 9
 8 2 2 2 2 2 2 2 2 0 9 9 9 9 9
 8 2 2 2 8 8 2 2 2 9 9 9 9 9 9
 8 8 8 8 8 8 2 2 9 9 9 9 9 9 9
 8 8 8 8 0 9 0 9 9 9 9 9 9 9 9
 9 8 8 8 9 9 9 9 9 9 9 9 9 9 9
# Turn information for samurai of side 1 with weapon 2
# <turn>
89
# <cure period>
0
# Samurai states: <position x> <position y> <hiding>
6 7 0
8 4 1
1 10 0
6 2 0
0 7 0
-1 -1 1
# Battle field states
 9 9 9 9 9 9 9 8 5 5 9 9 9 9 9
 9 9 9 9 9 9 5 5 5 5 8 9 9 9 9
 9 9 9 9 9 3 5 5 5 5 3 3 9 9 9
 9 9 9 9 3 5 3 5 5 5 1 8 8 9 9
 9 9 9 4 3 5 3 1 1 5 1 1 1 1 9
 9 3 9 4 3 5 3 3 1 1 1 1 1 9 9
 8 8 3 4 3 1 3 3 0 1 1 1 9 9 9
 8 4 0 0 0 0 0 0 0 1 1 1 9 9 9
 4 4 4 4 2 0 0 0 8 8 1 9 9 9 9
 2 2 2 2 2 2 2 2 2 0 9 9 9 9 9
 2 2 2 2 2 2 2 2 2 9 9 9 9 9 9
 2 2 2 2 8 8 2 2 9 9 9 9 9 9 9
 8 8 8 8 8 9 2 9 9 9 9 9 9 9 9
 8 8 8 8 9 9 9 9 9 9 9 9 9 9 9
 8 8 8 9 9 9 9 9 9 9 9 9 9 9 9
# Turn information for samurai of side 1 with weapon 2
# <turn>
94
# <cure period>
0
# Samurai states: <position x> <position y> <hiding>
6 6 0
8 3 0
2 9 1
-1 -1 1
0 7 0
7 0 0
# Battle field states
 9 9 9 9 9 9 5 8 5 5 8 9 9 9 9
 9 9 9 9 9 3 5 5 1 5 8 8 9 9 9
 9 9 9 9 3 3 0 1 1 5 3 3 8 9 9
 9 9 9 3 3 5 1 1 5 5 1 8 8 8 9
 9 9 3 4 3 5 0 1 1 5 1 1 1 9 9
 9 3 3 4 3 5 0 3 1 1 1 1 9 9 9
 8 8 3 4 3 1 3 3 0 1 1 1 9 9 9
 8 4 0 0 0 0 0 0 0 1 1 9 9 9 9
 4 4 4 4 2 0 0 0 8 8 9 9 9 9 9
 2 2 2 2 2 2 2 2 2 9 9 9 9 9 9
 2 2 2 2 2 2 2 2 9 9 9 9 9 9 9
 2 2 2 2 8 8 2 9 9 9 9 9 9 9 9
 8 8 8 8 8 9 9 9 9 9 9 9 9 9 9
 9 8 8 8 9 9 9 9 9 9 9 9 9 9 9
 9 9 8 9 9 9 9 9 9 9 9 9 9 9 9
