# <# turns> <side> <weapon> <width> <height> <cure period>
96 1 2 15 15 20
# Home positions
14 14
14 7
7 14
0 0
0 7
7 0
# Ranks and scores of samurai
0 0
0 0
0 0
0 0
0 0
0 0
# Turn information for samurai of side 1 with weapon 2
# <turn>
5
# <cure period>
0
# Samurai states: <position x> <position y> <hiding>
13 14 0
13 7 1
7 14 0
-1 -1 1
-1 -1 1
-1 -1 1
# Battle field states
 9 9 9 9 9 9 9 9 9 9 9 9 9 9 9
 9 9 9 9 9 9 9 9 9 9 9 9 9 9 9
 9 9 9 9 9 9 9 9 9 9 9 9 9 8 9
 9 9 9 9 9 9 9 9 9 9 9 9 8 8 8
 9 9 9 9 9 9 9 9 9 9 9 8 8 8 8
 9 9 9 9 9 9 9 9 9 9 8 8 8 8 1
 9 9 9 9 9 9 9 9 9 8 8 8 8 1 1
 9 9 9 9 9 9 9 9 8 8 8 8 1 1 8
 9 9 9 9 9 9 9 9 9 8 8 8 8 8 8
 9 9 9 9 9 9 9 8 9 9 8 8 8 8 8
 9 9 9 9 9 9 8 8 8 9 9 8 8 8 8
 9 9 9 9 9 8 8 8 8 8 9 8 8 8 8
 9 9 9 9 8 8 8 8 8 8 8 8 8 8 8
 9 9 9 8 8 8 8 8 8 8 8 8 8 8 8
 9 9 8 8 8 8 8 8 8 0 0 0 0 8 8
# Turn information for samurai of side 1 with weapon 2
# <turn>
10
# <cure period>
0
# Samurai states: <position x> <position y> <hiding>
13 13 0
12 7 0
7 13 0
-1 -1 1
-1 -1 1
-1 -1 1
# Battle field states
 9 9 9 9 9 9 9 9 9 9 9 9 9 9 9
 9 9 9 9 9 9 9 9 9 9 9 9 9 9 9
 9 9 9 9 9 9 9 9 9 9 9 9 8 9 9
 9 9 9 9 9 9 9 9 9 9 9 8 8 8 9
 9 9 9 9 9 9 9 9 9 9 8 8 8 8 8
 9 9 9 9 9 9 9 9 9 8 8 8 8 8 1
 9 9 9 9 9 9 9 9 8 8 8 8 8 1 1
 9 9 9 9 9 9 9 8 8 8 1 1 1 1 8
 9 9 9 9 9 9 9 8 8 8 8 1 1 8 8
 9 9 9 9 9 9 8 8 8 8 8 8 1 8 8
 9 9 9 9 9 8 8 8 8 8 8 8 8 8 8
 9 9 9 9 8 8 8 8 8 8 8 8 8 8 8
 9 9 9 8 8 8 2 2 2 8 8 8 8 8 8
 9 9 8 8 8 8 2 8 2 0 0 0 0 8 8
 9 9 9 8 8 8 2 8 2 0 0 0 0 8 8
# Turn information for samurai of side 1 with weapon 2
# <turn>
17
# <cure period>
0
# Samurai states: <position x> <position y> <hiding>
12 13 1
12 6 0
7 12 1
-1 -1 1
-1 -1 1
-1 -1 1
# Battle field states
 9 9 9 9 9 9 9 9 9 9 9 9 9 9 9
 9 9 9 9 9 9 9 9 9 9 9 9 8 9 9
 9 9 9 9 9 9 9 9 9 9 9 8 8 8 9
 9 9 9 9 9 9 9 9 9 9 8 8 8 8 8
 9 9 9 9 9 9 9 9 9 8 8 8 1 8 8
 9 9 9 9 9 9 9 9 8 8 8 1 1 8 1
 9 9 9 9 9 9 9 8 8 8 1 1 8 1 1
 9 9 9 9 9 9 9 8 8 8 1 1 1 1 8
 9 9 9 9 9 9 8 8 8 8 8 1 1 8 8
 9 9 9 9 9 8 8 8 8 8 8 8 1 0 8
 9 9 9 9 8 8 8 8 8 8 8 8 8 0 8
 9 9 9 8 8 8 2 2 2 8 8 8 8 0 8
 9 9 8 8 8 8 2 2 2 8 8 8 8 0 8
 9 9 9 8 8 8 2 2 2 0 0 0 0 8 8
 9 9 9 9 8 8 2 8 2 0 0 0 0 8 8
# Turn information for samurai of side 1 with weapon 2
# <turn>
22
# <cure period>
0
# Samurai states: <position x> <position y> <hiding>
11 13 0
12 5 1
5 12 0
-1 -1 1
-1 -1 1
-1 -1 1
# Battle field states
 9 9 9 9 9 9 9 9 9 9 9 9 8 9 9
 9 9 9 9 9 9 9 9 9 9 9 8 8 8 9
 9 9 9 9 9 9 9 9 9 9 8 8 8 8 8
 9 9 9 9 9 9 9 9 9 8 8 8 1 8 8
 9 9 9 9 9 9 9 9 8 8 8 8 1 1 8
 9 9 9 9 9 9 9 8 8 8 8 1 1 1 1
 9 9 9 9 9 9 9 9 8 8 1 1 8 1 1
 9 9 9 9 9 8 9 9 9 8 1 1 1 1 8
 9 9 9 9 8 8 8 9 9 9 8 1 1 8 8
 9 9 9 8 8 8 8 8 9 9 8 0 1 0 9
 9 9 8 8 8 8 8 8 8 8 8 0 8 0 9
 9 8 8 8 8 8 2 2 2 8 8 0 8 0 8
 8 8 8 8 8 8 2 2 2 8 8 0 8 0 8
 9 8 8 8 8 8 2 2 2 0 0 0 0 8 8
 9 9 8 8 8 8 2 8 2 0 0 0 0 8 8
# Turn information for samurai of side 1 with weapon 2
# <turn>
29
# <cure period>
0
# Samurai states: <position x> <position y> <hiding>
10 13 0
12 4 1
4 12 1
-1 -1 1
-1 -1 1
-1 -1 1
# Battle field states
 9 9 9 9 9 9 9 9 9 9 9 8 8 8 9
 9 9 9 9 9 9 9 9 9 9 8 8 8 8 8
 9 9 9 9 9 9 9 9 9 8 8 8 8 8 8
 9 9 9 9 9 9 9 9 5 8 8 8 1 8 8
 9 9 9 9 9 9 9 5 5 8 8 8 1 1 8
 9 9 9 9 9 9 9 9 5 8 8 1 1 1 1
 9 9 9 9 9 9 9 9 9 8 1 1 8 1 1
 9 9 9 9 4 9 9 9 9 9 1 1 1 1 8
 9 9 9 4 8 8 9 9 9 9 8 1 1 8 9
 9 9 4 8 8 8 8 9 9 8 0 0 1 9 9
 9 8 8 8 8 8 8 8 8 8 0 0 8 9 9
 8 8 8 8 2 2 2 2 2 8 0 0 8 0 9
 8 8 8 8 2 8 2 2 2 8 0 0 8 0 8
 8 8 8 8 2 2 2 2 2 0 0 0 0 8 8
 9 8 8 8 8 8 2 8 2 0 0 0 0 8 8
# Turn information for samurai of side 1 with weapon 2
# <turn>
34
# <cure period>
0
# Samurai states: <position x> <position y> <hiding>
10 12 1
12 4 1
4 13 0
-1 -1 1
-1 -1 1
-1 -1 1
# Battle field states
 9 9 9 9 9 9 9 9 9 9 9 8 8 8 9
 9 9 9 9 9 9 9 9 9 9 8 8 8 8 8
 9 9 9 9 9 9 9 9 9 8 8 8 8 8 8
 9 9 9 9 9 9 9 9 5 8 8 8 1 8 8
 9 9 9 9 9 9 9 5 5 8 8 8 1 1 8
 9 9 9 9 9 9 9 9 5 8 8 1 1 1 1
 9 9 9 9 9 9 9 9 9 8 1 1 8 1 1
 9 9 9 9 9 9 9 9 9 9 1 1 1 1 8
 9 9 9 9 8 9 9 9 9 8 8 1 1 8 9
 9 9 9 8 8 8 9 9 8 8 0 0 1 9 9
 9 9 8 8 8 8 8 8 8 8 0 0 8 0 9
 9 8 8 8 2 2 2 2 2 8 0 0 8 0 8
 8 8 8 2 2 2 2 2 2 8 0 0 0 0 0
 8 8 8 2 2 2 2 2 2 0 0 0 0 8 8
 8 8 8 2 2 2 2 8 2 0 0 0 0 8 9
# Turn information for samurai of side 1 with weapon 2
# <turn>
41
# <cure period>
0
# Samurai states: <position x> <position y> <hiding>
9 12 0
13 5 1
3 12 1
-1 -1 1
-1 -1 1
-1 -1 1
# Battle field states
 9 9 9 9 9 9 9 9 9 9 9 9 9 8 9
 9 9 9 9 9 9 9 9 9 9 9 9 8 8 8
 9 9 9 9 9 9 9 9 9 9 9 8 8 8 8
 9 9 9 9 9 9 9 9 9 9 8 8 1 8 8
 9 9 9 9 9 9 9 9 9 5 8 8 1 1 8
 9 9 9 9 9 9 9 9 5 5 8 1 1 1 1
 9 9 9 9 9 9 9 9 9 5 1 1 8 1 1
 9 9 9 4 9 9 9 9 9 8 1 1 1 1 8
 9 9 4 4 4 9 9 9 8 0 8 1 1 8 8
 9 8 4 8 4 8 9 8 8 0 0 0 1 0 8
 8 8 8 8 8 8 8 8 8 0 0 0 8 0 9
 8 8 8 8 2 2 2 2 2 0 0 0 8 0 9
 8 8 8 2 2 2 2 2 2 8 0 0 0 0 0
 8 8 8 2 2 2 2 2 2 0 0 0 0 8 9
 8 8 8 2 2 2 2 8 2 0 0 0 0 9 9
# Turn information for samurai of side 1 with weapon 2
# <turn>
46
# <cure period>
0
# Samurai states: <position x> <position y> <hiding>
11 11 1
13 4 1
3 12 1
-1 -1 1
-1 -1 1
-1 -1 1
# Battle field states
 9 9 9 9 9 9 9 9 9 9 9 9 8 8 8
 9 9 9 9 9 9 9 9 9 9 9 8 8 8 8
 9 9 9 9 9 9 9 9 9 9 8 8 8 8 8
 9 9 9 9 9 9 9 9 9 5 8 8 1 8 8
 9 9 9 9 9 9 9 9 5 5 8 8 1 1 8
 9 9 9 9 9 9 9 9 9 5 8 1 1 1 1
 9 9 9 9 9 9 9 9 9 9 1 1 8 1 1
 9 9 9 4 9 9 9 9 9 9 1 1 1 1 8
 9 9 4 4 4 9 9 9 9 0 8 1 1 8 8
 9 8 4 8 4 4 9 9 8 0 0 0 1 0 8
 8 8 8 8 8 8 8 8 8 0 0 0 8 0 8
 8 8 8 8 2 2 2 2 2 0 0 0 8 0 8
 8 8 8 2 2 2 2 2 2 8 0 0 0 0 0
 8 8 8 2 2 2 2 2 2 0 0 0 0 8 8
 8 8 8 2 2 2 2 9 9 0 0 0 0 8 9
# Turn information for samurai of side 1 with weapon 2
# <turn>
53
# <cure period>
0
# Samurai states: <position x> <position y> <hiding>
10 11 0
13 3 0
3 12 1
-1 -1 1
-1 -1 1
10 5 0
# Battle field states
 9 9 9 9 9 9 9 9 9 9 9 8 8 8 8
 9 9 9 9 9 9 9 9 9 9 8 8 8 8 8
 9 9 9 9 9 9 9 9 9 8 8 8 8 1 8
 9 9 9 9 9 9 9 9 5 5 8 8 1 1 1
 9 9 9 9 9 9 9 9 9 5 5 5 1 1 1
 9 9 9 9 9 9 9 9 9 9 5 5 1 1 1
 9 9 9 9 9 9 9 9 9 9 5 5 8 1 1
 9 9 9 3 9 9 9 9 9 8 1 1 1 1 8
 9 9 4 3 4 9 9 9 8 0 8 1 1 8 9
 9 8 4 3 4 4 9 8 8 0 0 0 1 0 9
 8 8 8 8 8 8 8 8 8 0 0 0 8 0 8
 8 8 8 8 2 2 2 2 2 0 0 0 0 0 0
 8 8 8 2 2 2 2 2 2 8 0 0 0 0 0
 8 8 8 2 2 2 2 2 2 0 0 0 0 8 9
 8 8 8 2 2 2 2 9 2 0 0 0 0 9 9
# Turn information for samurai of side 1 with weapon 2
# <turn>
58
# <cure period>
0
# Samurai states: <position x> <position y> <hiding>
10 10 1
12 3 1
2 12 0
-1 -1 1
-1 -1 1
10 5 0
# Battle field states
 9 9 9 9 9 9 9 9 9 9 8 8 8 8 8
 9 9 9 9 9 9 9 9 9 8 8 8 1 8 8
 9 9 9 9 9 9 9 9 5 8 8 1 1 1 8
 9 9 9 9 9 9 9 5 5 5 1 1 1 1 1
 9 9 9 9 9 9 9 9 5 5 5 5 1 1 1
 9 9 9 9 9 9 9 9 9 5 5 5 1 1 1
 9 9 9 9 9 9 9 9 9 5 0 5 8 1 1
 9 9 4 9 9 9 9 9 4 4 0 1 1 1 9
 9 4 4 3 9 9 9 4 4 0 0 1 1 8 9
 4 8 4 3 4 9 4 4 8 0 0 0 1 0 8
 8 8 8 8 8 8 8 8 8 0 0 0 8 0 8
 8 2 2 2 2 2 2 2 2 0 0 0 0 0 0
 8 2 8 2 2 2 2 2 2 8 0 0 0 0 9
 8 2 2 2 2 2 2 9 2 0 0 0 0 9 9
 8 8 8 2 2 2 9 9 9 0 0 0 9 9 9
# Turn information for samurai of side 1 with weapon 2
# <turn>
65
# <cure period>
0
# Samurai states: <position x> <position y> <hiding>
10 9 0
12 2 0
1 12 1
-1 -1 1
8 7 0
-1 -1 1
# Battle field states
 9 9 9 9 9 9 9 9 9 8 8 8 1 8 8
 9 9 9 9 9 9 9 9 5 8 8 8 1 1 8
 9 9 9 9 9 9 9 5 5 8 8 1 1 1 1
 9 9 9 9 9 9 9 9 5 5 1 1 1 1 1
 9 9 9 9 9 9 9 9 9 5 5 5 1 1 1
 9 9 9 9 9 9 9 9 9 5 0 5 1 1 1
 9 9 9 9 9 9 9 9 5 5 0 5 8 1 9
 9 4 9 9 9 9 9 4 4 4 4 5 1 1 9
 4 4 4 9 9 9 4 4 4 4 0 1 1 8 8
 4 8 4 3 9 4 4 4 4 0 0 0 1 0 8
 8 8 8 3 8 9 8 8 8 0 0 0 8 0 8
 2 2 2 3 2 2 9 2 2 0 0 0 0 0 9
 2 2 2 2 2 2 2 9 2 8 0 0 0 9 9
 2 2 2 2 2 2 9 9 9 0 0 0 9 9 9
 8 8 8 2 2 9 9 9 9 9 0 9 9 9 9
# Turn information for samurai of side 1 with weapon 2
# <turn>
70
# <cure period>
0
# Samurai states: <position x> <position y> <hiding>
11 9 1
11 2 0
1 11 1
-1 -1 1
-1 -1 1
-1 -1 1
# Battle field states
 9 9 9 9 9 9 9 9 5 8 8 1 1 8 8
 9 9 9 9 9 9 9 5 5 8 1 1 1 1 8
 9 9 9 9 9 9 3 5 5 1 1 1 1 1 1
 9 9 9 9 9 9 9 5 5 5 1 1 1 1 1
 9 9 9 9 9 9 9 9 5 5 5 5 1 1 1
 9 9 9 9 9 9 9 9 9 5 0 5 1 1 9
 9 3 9 9 9 9 9 9 9 5 0 5 8 1 9
 8 4 4 9 9 9 9 9 4 4 4 5 1 1 8
 4 4 4 3 9 9 9 4 4 4 4 1 1 8 8
 4 8 4 3 3 9 4 4 4 4 0 0 1 0 8
 8 8 8 3 3 8 9 8 4 0 0 0 8 0 8
 2 2 2 3 3 2 2 9 2 0 0 0 0 0 0
 2 2 2 2 2 2 9 9 9 8 0 0 0 0 9
 2 2 2 2 2 9 9 9 9 9 0 0 0 9 9
 8 8 8 2 9 9 9 9 9 9 9 0 9 9 9
# Turn information for samurai of side 1 with weapon 2
# <turn>
77
# <cure period>
0
# Samurai states: <position x> <position y> <hiding>
11 8 0
11 3 1
1 10 0
-1 -1 1
0 7 0
-1 -1 1
# Battle field states
 9 9 9 9 9 9 9 9 9 8 8 1 1 8 9
 9 9 9 9 9 9 9 9 5 8 1 1 1 1 8
 9 9 9 9 9 9 9 5 5 1 1 1 1 1 1
 9 9 9 9 9 9 3 5 5 1 1 1 1 1 1
 9 9 9 9 9 9 9 3 5 5 1 1 1 1 1
 9 3 9 9 9 9 9 9 5 5 0 1 1 1 1
 3 3 3 9 9 9 9 9 5 5 0 5 8 1 1
 8 4 4 3 9 9 9 4 4 4 4 5 1 1 8
 4 4 4 3 3 9 4 0 0 0 0 1 1 8 8
 2 2 2 3 3 3 9 4 4 4 0 0 1 0 8
 2 8 2 3 3 3 8 9 4 0 0 0 8 0 8
 2 2 2 3 3 3 9 9 9 0 0 0 0 0 9
 2 2 2 2 2 9 9 9 9 9 0 0 0 9 9
 2 2 2 2 9 9 9 9 9 9 9 0 9 9 9
 8 8 8 9 9 9 9 9 9 9 9 9 9 9 9
# Turn information for samurai of side 1 with weapon 2
# <turn>
82
# <cure period>
0
# Samurai states: <position x> <position y> <hiding>
11 9 1
10 3 0
2 10 1
5 8 0
0 7 0
-1 -1 1
# Battle field states
 9 9 9 9 9 9 9 9 5 8 8 1 1 9 9
 9 9 9 9 9 9 9 5 5 8 1 1 1 1 9
 9 9 9 9 9 9 3 5 5 1 1 1 1 1 1
 9 9 9 9 9 3 3 5 1 1 1 1 1 1 1
 9 9 9 9 9 9 3 3 5 1 1 0 1 1 1
 9 9 4 9 9 9 9 5 5 5 1 0 1 1 9
 9 3 3 3 9 9 9 9 5 5 0 0 8 1 9
 8 4 4 3 4 9 9 9 4 4 4 0 1 1 8
 4 4 4 3 3 3 9 3 3 3 0 1 1 8 8
 2 2 2 2 3 3 4 4 4 4 0 0 1 0 8
 2 2 2 2 3 3 8 8 4 0 0 0 8 0 8
 2 2 2 2 3 3 2 9 2 0 0 0 0 0 0
 2 2 2 2 2 2 9 9 9 8 0 0 0 0 9
 2 2 2 2 2 9 9 9 9 9 0 0 0 9 9
 9 8 8 2 9 9 9 9 9 9 9 0 9 9 9
# Turn information for samurai of side 1 with weapon 2
# <turn>
89
# <cure period>
0
# Samurai states: <position x> <position y> <hiding>
10 9 0
10 4 0
1 10 1
6 8 0
0 7 0
7 2 0
# Battle field states
 9 9 9 9 9 9 9 9 9 8 8 1 9 9 9
 9 9 9 9 9 9 9 9 5 8 1 1 1 9 9
 9 9 9 9 9 9 9 5 5 1 1 1 1 1 9
 9 9 9 9 9 9 3 5 1 1 1 1 1 1 1
 9 9 9 9 9 3 3 3 1 1 1 0 1 1 1
 9 3 9 9 9 9 5 5 5 1 1 0 1 1 1
 3 3 3 9 9 9 9 5 5 5 1 0 8 1 9
 8 4 4 3 9 9 9 4 4 4 4 0 1 1 9
 4 4 4 3 3 9 3 3 3 3 0 1 1 8 8
 2 2 2 2 3 3 0 0 0 0 0 0 1 0 8
 2 2 2 2 3 3 3 8 4 0 0 0 8 0 8
 2 2 2 2 3 3 9 2 2 0 0 0 0 0 9
 2 2 2 2 2 9 9 9 2 8 0 0 0 9 9
 2 2 2 2 9 9 9 9 9 0 0 0 9 9 9
 8 8 8 9 9 9 9 9 9 9 0 9 9 9 9
# Turn information for samurai of side 1 with weapon 2
# <turn>
94
# <cure period>
0
# Samurai states: <position x> <position y> <hiding>
10 8 0
10 5 0
1 9 0
-1 -1 1
0 7 0
-1 -1 1
# Battle field states
 9 9 9 9 9 9 9 9 9 9 8 9 9 9 9
 9 9 9 9 9 9 9 9 9 8 1 1 9 9 9
 9 9 9 9 9 9 9 9 5 1 1 1 1 9 9
 9 9 9 9 9 9 9 5 1 1 1 1 1 1 9
 9 3 9 9 9 9 3 3 1 1 1 0 1 1 1
 8 3 4 9 9 4 5 5 1 1 1 0 1 1 1
 3 3 3 3 9 9 4 5 5 1 1 0 8 1 1
 8 4 4 3 4 9 4 4 4 4 1 0 1 1 8
 2 2 2 3 3 3 0 0 0 0 0 1 1 8 8
 2 2 2 2 3 3 0 0 0 0 0 0 1 0 8
 2 2 2 2 3 3 9 8 4 0 0 0 8 0 9
 2 2 2 2 3 9 9 9 2 0 0 0 0 9 9
 2 2 2 2 9 9 9 9 9 8 0 0 9 9 9
 2 2 2 9 9 9 9 9 9 9 0 9 9 9 9
 9 8 9 9 9 9 9 9 9 9 9 9 9 9 9
