# <# turns> <side> <weapon> <width> <height> <cure period>
96 1 2 15 15 20
# Home positions
14 14
14 7
7 14
0 0
0 7
7 0
# Ranks and scores of samurai
0 0
0 0
0 0
0 0
0 0
0 0
# Turn information for samurai of side 1 with weapon 2
# <turn>
5
# <cure period>
0
# Samurai states: <position x> <position y> <hiding>
14 14 0
14 7 0
7 14 0
-1 -1 1
-1 -1 1
-1 -1 1
# Battle field states
 9 9 9 9 9 9 9 9 9 9 9 9 9 9 9
 9 9 9 9 9 9 9 9 9 9 9 9 9 9 9
 9 9 9 9 9 9 9 9 9 9 9 9 9 9 8
 9 9 9 9 9 9 9 9 9 9 9 9 9 8 8
 9 9 9 9 9 9 9 9 9 9 9 9 8 8 8
 9 9 9 9 9 9 9 9 9 9 9 8 8 8 8
 9 9 9 9 9 9 9 9 9 9 8 8 8 8 8
 9 9 9 9 9 9 9 9 9 8 8 8 8 8 8
 9 9 9 9 9 9 9 9 9 9 8 8 8 8 8
 9 9 9 9 9 9 9 8 9 9 9 8 8 8 8
 9 9 9 9 9 9 8 8 8 9 9 9 8 8 8
 9 9 9 9 9 8 8 8 8 8 9 9 8 8 8
 9 9 9 9 8 8 8 8 8 8 8 8 8 8 8
 9 9 9 8 8 8 8 8 8 8 8 8 8 8 8
 9 9 8 8 8 8 8 8 8 8 8 8 8 8 8
# Turn information for samurai of side 1 with weapon 2
# <turn>
10
# <cure period>
0
# Samurai states: <position x> <position y> <hiding>
13 14 0
13 7 0
7 14 0
-1 -1 1
-1 -1 1
-1 -1 1
# Battle field states
 9 9 9 9 9 9 9 9 9 9 9 9 9 9 9
 9 9 9 9 9 9 9 9 9 9 9 9 9 9 9
 9 9 9 9 9 9 9 9 9 9 9 9 9 8 9
 9 9 9 9 9 9 9 9 9 9 9 9 8 8 8
 9 9 9 9 9 9 9 9 9 9 9 8 8 8 8
 9 9 9 9 9 9 9 9 9 9 8 8 8 8 1
 9 9 9 9 9 9 9 9 9 8 8 8 8 1 1
 9 9 9 9 9 9 9 9 8 8 8 8 1 1 8
 9 9 9 9 9 9 9 9 9 8 8 8 8 8 8
 9 9 9 9 9 9 9 8 9 9 8 8 8 8 8
 9 9 9 9 9 9 8 8 8 9 9 8 8 0 8
 9 9 9 9 9 8 8 8 8 8 9 8 8 0 8
 9 9 9 9 8 8 8 8 8 8 8 8 8 0 8
 9 9 9 8 8 8 8 8 8 8 8 8 8 0 8
 9 9 8 8 8 8 8 8 8 8 8 8 8 8 8
# Turn information for samurai of side 1 with weapon 2
# <turn>
17
# <cure period>
0
# Samurai states: <position x> <position y> <hiding>
13 13 0
12 7 1
7 13 0
-1 -1 1
-1 -1 1
-1 -1 1
# Battle field states
 9 9 9 9 9 9 9 9 9 9 9 9 9 9 9
 9 9 9 9 9 9 9 9 9 9 9 9 9 9 9
 9 9 9 9 9 9 9 9 9 9 9 9 8 9 9
 9 9 9 9 9 9 9 9 9 9 9 8 8 8 9
 9 9 9 9 9 9 9 9 9 9 8 8 8 8 8
 9 9 9 9 9 9 9 9 9 8 8 8 1 8 1
 9 9 9 9 9 9 9 9 5 8 8 1 1 1 1
 9 9 9 9 9 9 9 8 8 8 1 1 1 1 8
 9 9 9 9 9 9 9 8 8 8 8 8 8 8 8
 9 9 9 9 9 9 8 8 8 8 8 8 8 8 8
 9 9 9 9 9 8 8 8 8 8 8 8 8 0 8
 9 9 9 9 8 8 8 8 8 8 8 8 8 0 8
 9 9 9 8 8 8 2 2 2 8 8 8 8 0 8
 9 9 8 8 8 8 2 8 2 8 8 8 8 0 8
 9 9 9 8 8 8 2 8 2 0 0 0 0 8 8
# Turn information for samurai of side 1 with weapon 2
# <turn>
22
# <cure period>
0
# Samurai states: <position x> <position y> <hiding>
13 12 0
12 8 0
7 12 1
-1 -1 1
-1 -1 1
-1 -1 1
# Battle field states
 9 9 9 9 9 9 9 9 9 9 9 9 9 9 9
 9 9 9 9 9 9 9 9 9 9 9 9 9 9 9
 9 9 9 9 9 9 9 9 9 9 9 9 9 9 9
 9 9 9 9 9 9 9 9 9 9 9 9 8 9 9
 9 9 9 9 9 9 9 9 9 9 9 8 8 8 9
 9 9 9 9 9 9 9 9 9 9 8 8 1 8 1
 9 9 9 9 9 9 9 9 9 8 8 1 1 1 1
 9 9 9 9 9 9 9 8 8 8 1 1 1 1 8
 9 9 9 9 9 9 8 8 8 8 1 1 8 8 8
 9 9 9 9 9 8 8 8 8 8 8 1 1 8 8
 9 9 9 9 8 8 8 8 8 8 8 8 1 0 8
 9 9 9 8 8 8 2 2 2 8 8 8 8 0 8
 9 9 8 8 8 8 2 2 2 0 0 0 0 0 8
 9 9 9 8 8 8 2 2 2 8 8 8 8 0 8
 9 9 9 9 8 8 2 8 2 0 0 0 0 8 8
# Turn information for samurai of side 1 with weapon 2
# <turn>
29
# <cure period>
0
# Samurai states: <position x> <position y> <hiding>
13 11 1
12 9 1
7 11 0
-1 -1 1
-1 -1 1
10 6 0
# Battle field states
 9 9 9 9 9 9 9 9 9 9 9 9 9 9 9
 9 9 9 9 9 9 9 9 9 9 9 9 9 9 9
 9 9 9 9 9 9 9 9 9 9 9 9 9 9 9
 9 9 9 9 9 9 9 9 9 9 9 9 9 9 9
 9 9 9 9 9 9 9 9 9 9 9 9 8 9 9
 9 9 9 9 9 9 9 9 9 9 9 8 1 8 9
 9 9 9 9 9 9 9 5 9 9 8 1 1 1 1
 9 9 9 9 9 9 5 5 5 8 1 1 1 1 8
 9 9 9 9 9 8 8 8 8 8 1 1 1 1 8
 9 9 9 9 8 8 8 8 8 8 8 1 1 1 1
 9 9 9 8 8 8 2 2 2 8 8 8 1 0 8
 9 9 8 8 8 8 2 2 2 0 0 0 0 0 8
 9 9 9 8 8 8 2 2 2 0 0 0 0 0 8
 9 9 9 9 8 8 2 2 2 8 8 8 8 0 8
 9 9 9 9 9 8 2 8 2 0 9 0 0 8 8
# Turn information for samurai of side 1 with weapon 2
# <turn>
34
# <cure period>
0
# Samurai states: <position x> <position y> <hiding>
13 10 0
11 9 0
7 10 0
-1 -1 1
-1 -1 1
10 6 0
# Battle field states
 9 9 9 9 9 9 9 9 9 9 9 9 9 9 9
 9 9 9 9 9 9 9 9 9 9 9 9 9 9 9
 9 9 9 9 9 9 9 9 9 9 9 9 9 9 9
 9 9 9 9 9 9 9 9 9 9 9 9 9 9 9
 9 9 9 9 9 9 9 9 9 9 9 8 9 9 9
 9 9 9 9 9 9 9 5 9 9 8 8 1 8 9
 9 9 9 9 9 9 5 5 5 8 8 1 1 1 1
 9 9 9 9 9 4 5 5 5 8 1 1 1 1 8
 9 9 9 9 4 8 8 8 8 8 1 1 1 1 8
 9 9 9 4 8 8 2 2 2 1 1 1 1 1 1
 9 9 8 8 8 8 2 2 2 0 1 1 0 0 8
 9 9 9 8 8 8 2 2 2 0 0 1 0 0 8
 9 9 9 9 8 8 2 2 2 0 0 0 0 0 8
 9 9 9 9 9 8 2 2 2 8 8 8 8 0 8
 9 9 9 9 9 9 2 8 2 9 9 0 0 8 8
# Turn information for samurai of side 1 with weapon 2
# <turn>
41
# <cure period>
18
# Samurai states: <position x> <position y> <hiding>
14 10 0
10 9 0
7 14 0
-1 -1 1
6 8 0
-1 -1 1
# Battle field states
 9 9 9 9 9 9 9 9 9 9 9 9 9 9 9
 9 9 9 9 9 9 9 9 9 9 9 9 9 9 9
 9 9 9 9 9 9 9 9 9 9 9 9 9 9 9
 9 9 9 9 9 9 9 9 9 9 9 9 9 9 9
 9 9 9 9 9 9 9 9 9 9 8 9 9 9 9
 9 9 9 9 9 9 9 9 9 5 5 5 9 9 1
 9 9 9 9 9 9 9 9 5 5 5 5 5 1 1
 9 9 9 9 9 9 9 5 5 5 5 5 5 1 8
 9 9 9 9 9 9 2 4 4 1 1 1 1 1 8
 9 9 9 9 9 8 4 4 1 1 1 1 1 1 1
 9 9 9 9 9 9 4 2 2 0 1 1 0 0 8
 9 9 9 9 9 8 2 2 2 0 0 1 0 0 0
 9 9 9 9 8 8 2 2 2 0 0 0 0 0 0
 9 9 9 8 8 8 2 2 2 8 8 8 8 0 0
 9 9 8 8 8 8 2 8 2 0 0 0 0 8 8
# Turn information for samurai of side 1 with weapon 2
# <turn>
46
# <cure period>
13
# Samurai states: <position x> <position y> <hiding>
14 11 1
9 9 0
7 14 0
-1 -1 1
-1 -1 1
-1 -1 1
# Battle field states
 9 9 9 9 9 9 9 9 9 9 9 9 9 9 9
 9 9 9 9 9 9 9 9 9 9 9 9 9 9 9
 9 9 9 9 9 9 9 9 9 9 9 9 9 9 9
 9 9 9 9 9 9 9 9 9 9 9 9 9 9 9
 9 9 9 9 9 9 9 9 9 8 9 9 9 9 9
 9 9 9 9 9 9 9 9 5 5 5 9 9 9 9
 9 9 9 9 9 9 9 5 5 5 5 5 9 9 1
 9 9 9 9 9 9 5 5 5 1 5 5 5 1 8
 9 9 9 9 9 4 4 4 1 1 1 1 1 1 0
 9 9 9 9 8 8 4 1 1 1 1 1 1 1 0
 9 9 9 9 9 8 4 2 2 0 1 1 0 0 0
 9 9 9 9 9 8 2 2 2 0 0 1 0 0 0
 9 9 9 9 8 8 2 2 2 0 0 0 0 0 0
 9 9 9 8 8 8 2 2 2 8 8 8 8 0 0
 9 9 8 8 8 8 2 8 2 0 0 0 0 8 8
# Turn information for samurai of side 1 with weapon 2
# <turn>
53
# <cure period>
6
# Samurai states: <position x> <position y> <hiding>
13 11 0
8 9 1
7 14 0
-1 -1 1
-1 -1 1
-1 -1 1
# Battle field states
 9 9 9 9 9 9 9 9 9 9 9 9 9 9 9
 9 9 9 9 9 9 9 9 9 9 9 9 9 9 9
 9 9 9 9 9 9 9 9 9 9 9 9 9 9 9
 9 9 9 9 9 9 9 9 9 9 9 9 9 9 9
 9 9 9 9 9 9 9 9 5 9 9 9 9 9 9
 9 9 9 9 9 9 9 5 5 5 9 9 9 9 9
 9 9 9 9 9 9 5 5 5 5 5 9 9 1 9
 9 9 9 9 9 4 5 5 1 1 5 5 5 1 8
 9 9 9 9 4 4 4 1 1 1 5 5 5 1 0
 9 9 9 4 8 8 1 1 1 1 1 1 1 1 0
 9 9 9 9 8 8 4 2 2 0 1 1 0 0 0
 9 9 9 9 9 8 2 2 2 0 0 1 0 0 0
 9 9 9 9 8 8 2 2 2 0 0 0 0 0 0
 9 9 9 8 8 8 2 2 2 8 8 8 8 0 0
 9 9 8 8 8 8 2 8 2 0 0 0 0 0 8
# Turn information for samurai of side 1 with weapon 2
# <turn>
58
# <cure period>
1
# Samurai states: <position x> <position y> <hiding>
12 11 0
8 8 0
7 14 0
-1 -1 1
-1 -1 1
-1 -1 1
# Battle field states
 9 9 9 9 9 9 9 9 9 9 9 9 9 9 9
 9 9 9 9 9 9 9 9 9 9 9 9 9 9 9
 9 9 9 9 9 9 9 9 9 9 9 9 9 9 9
 9 9 9 9 9 9 9 9 8 9 9 9 9 9 9
 9 9 9 9 9 9 9 5 5 8 9 9 9 9 9
 9 9 9 9 9 9 5 5 5 5 5 9 9 9 9
 9 9 9 9 9 4 5 5 1 5 5 5 5 9 9
 9 9 9 9 4 4 5 1 1 1 5 5 0 1 9
 9 9 9 4 4 4 1 1 1 1 5 5 0 1 0
 9 9 9 9 8 8 1 1 1 1 1 1 0 1 0
 9 9 9 9 9 8 4 2 2 0 1 1 0 0 0
 9 9 9 9 9 8 2 2 2 0 0 1 0 0 0
 9 9 9 9 8 8 2 2 2 0 0 0 0 0 0
 9 9 9 8 8 8 2 2 2 8 8 8 8 0 0
 9 9 8 8 8 8 2 8 2 0 0 0 0 0 8
# Turn information for samurai of side 1 with weapon 2
# <turn>
65
# <cure period>
0
# Samurai states: <position x> <position y> <hiding>
11 11 1
7 8 1
7 14 0
-1 -1 1
-1 -1 1
-1 -1 1
# Battle field states
 9 9 9 9 9 9 9 9 9 9 9 9 9 9 9
 9 9 9 9 9 9 9 9 9 9 9 9 9 9 9
 9 9 9 9 9 9 9 9 9 9 9 9 9 9 9
 9 9 9 9 9 9 9 8 9 9 9 9 9 9 9
 9 9 9 9 9 9 5 5 5 9 9 9 9 9 9
 9 9 9 9 9 8 5 5 5 5 9 9 9 9 9
 9 9 9 9 4 4 5 1 1 5 5 5 9 9 9
 9 9 9 4 4 4 1 1 1 1 5 0 0 9 9
 9 9 3 4 4 1 1 1 1 1 5 0 0 1 9
 9 9 9 4 8 8 1 1 1 1 1 0 0 1 0
 9 9 9 9 8 8 4 2 2 0 1 0 0 0 0
 9 9 9 9 9 8 2 2 2 0 0 1 0 0 0
 9 9 9 9 8 8 2 2 2 0 0 0 0 0 0
 9 9 9 8 8 8 2 2 2 8 8 8 8 0 0
 9 9 8 8 8 8 2 8 2 0 0 0 0 0 9
# Turn information for samurai of side 1 with weapon 2
# <turn>
70
# <cure period>
0
# Samurai states: <position x> <position y> <hiding>
10 11 0
14 7 0
6 14 1
-1 -1 1
-1 -1 1
-1 -1 1
# Battle field states
 9 9 9 9 9 9 9 9 9 9 9 9 9 9 9
 9 9 9 9 9 9 9 9 9 9 9 9 9 9 9
 9 9 9 9 9 9 9 9 9 9 9 9 9 9 8
 9 9 9 9 9 9 9 9 9 9 9 9 9 8 8
 9 9 9 9 9 9 9 9 9 9 9 9 5 5 5
 9 9 9 9 9 9 9 9 9 9 9 5 5 8 5
 9 9 9 9 9 9 9 9 9 9 5 5 5 5 5
 9 9 9 9 9 9 9 9 9 1 0 0 0 1 8
 9 9 9 9 9 9 9 9 1 1 0 0 0 1 0
 9 9 9 9 9 9 1 3 1 1 0 0 0 1 0
 9 9 9 9 9 8 4 3 2 0 0 0 0 0 0
 9 9 9 9 8 8 2 2 2 0 0 1 0 0 0
 9 9 9 8 8 8 2 2 2 0 0 0 0 0 0
 9 9 8 8 8 2 2 2 2 8 8 8 8 0 9
 9 8 8 8 8 2 2 8 2 0 0 0 0 9 9
# Turn information for samurai of side 1 with weapon 2
# <turn>
77
# <cure period>
0
# Samurai states: <position x> <position y> <hiding>
10 10 1
14 7 0
5 14 0
-1 -1 1
-1 -1 1
-1 -1 1
# Battle field states
 9 9 9 9 9 9 9 9 9 9 9 9 9 9 9
 9 9 9 9 9 9 9 9 9 9 9 9 9 9 9
 9 9 9 9 9 9 9 9 9 9 9 9 9 9 8
 9 9 9 9 9 9 9 9 9 9 9 9 9 5 8
 9 9 9 9 9 9 9 9 9 9 9 9 5 5 5
 9 9 9 9 9 9 9 9 9 9 5 5 5 8 5
 9 9 9 9 9 9 9 9 9 5 5 5 5 5 5
 9 9 9 9 9 9 9 9 1 1 0 0 0 1 8
 9 9 9 9 9 9 9 3 1 1 0 0 0 1 0
 9 9 9 9 9 8 1 3 1 1 0 0 0 1 0
 9 9 9 9 8 8 0 0 0 0 0 0 0 0 0
 9 9 9 8 8 8 2 2 2 0 0 1 0 0 0
 9 9 8 8 8 8 2 2 2 0 0 0 0 0 0
 9 8 8 8 2 2 2 2 2 8 8 8 8 9 9
 8 8 8 8 2 2 2 8 2 0 0 0 9 9 9
# Turn information for samurai of side 1 with weapon 2
# <turn>
82
# <cure period>
0
# Samurai states: <position x> <position y> <hiding>
10 9 0
14 7 0
5 13 0
-1 -1 1
-1 -1 1
-1 -1 1
# Battle field states
 9 9 9 9 9 9 9 9 9 9 9 9 9 9 9
 9 9 9 9 9 9 9 9 9 9 9 9 9 9 9
 9 9 9 9 9 9 9 9 9 9 9 9 9 9 8
 9 9 9 9 9 9 9 9 9 9 9 9 9 5 8
 9 9 9 9 9 9 9 9 9 9 8 9 5 5 5
 9 9 9 9 9 9 9 9 9 5 0 5 5 8 5
 9 9 9 9 9 9 9 9 3 5 0 5 5 5 5
 9 9 9 9 9 9 9 3 3 1 0 0 0 1 8
 9 9 9 9 9 1 1 3 3 1 0 0 0 1 0
 9 9 9 9 8 8 1 3 3 1 0 0 0 1 0
 9 9 9 8 8 8 0 0 0 0 0 0 0 0 0
 9 9 3 8 8 8 2 2 2 0 0 1 0 0 0
 9 8 8 8 2 2 2 2 2 0 0 0 0 9 0
 8 8 8 8 2 2 2 2 2 8 8 8 9 9 9
 9 8 8 8 2 2 2 8 2 0 0 9 9 9 9
# Turn information for samurai of side 1 with weapon 2
# <turn>
89
# <cure period>
0
# Samurai states: <position x> <position y> <hiding>
9 9 1
14 7 0
4 13 0
-1 -1 1
-1 -1 1
-1 -1 1
# Battle field states
 9 9 9 9 9 9 9 9 9 9 9 9 9 9 9
 9 9 9 9 9 9 9 9 9 9 9 9 9 9 9
 9 9 9 9 9 9 9 9 9 9 9 9 9 9 8
 9 9 9 9 9 9 9 9 9 9 9 9 9 5 8
 9 9 9 9 9 9 9 9 9 4 9 9 5 5 5
 9 9 9 9 9 9 9 9 5 5 0 5 5 8 5
 9 9 9 9 9 9 9 1 3 5 0 5 5 5 5
 9 9 9 9 9 9 1 3 3 1 0 0 0 1 8
 9 9 9 9 4 1 1 3 3 1 0 0 0 1 0
 9 9 9 4 8 0 0 0 0 1 0 0 0 1 0
 9 9 3 8 8 8 0 0 0 0 0 0 0 0 0
 9 8 3 8 8 8 2 2 2 0 0 1 0 0 0
 8 8 8 2 2 2 2 2 2 0 0 0 9 9 0
 8 8 8 2 2 2 2 2 2 8 8 9 9 9 9
 8 8 8 2 2 2 2 8 2 0 9 9 9 9 9
# Turn information for samurai of side 1 with weapon 2
# <turn>
94
# <cure period>
0
# Samurai states: <position x> <position y> <hiding>
8 9 0
14 6 0
4 12 1
-1 -1 1
-1 -1 1
-1 -1 1
# Battle field states
 9 9 9 9 9 9 9 9 9 9 9 9 9 9 9
 9 9 9 9 9 9 9 9 9 9 9 9 9 9 8
 9 9 9 9 9 9 9 9 9 9 9 9 9 5 8
 9 9 9 9 9 9 9 9 9 9 9 9 5 5 8
 9 9 9 9 9 9 9 9 5 9 9 5 5 5 1
 9 9 9 9 9 9 9 5 0 5 0 5 5 1 1
 9 9 9 9 9 9 3 1 0 5 0 5 1 1 5
 9 9 9 9 4 4 3 3 0 1 0 0 0 1 8
 9 9 9 4 4 1 3 3 0 1 0 0 0 1 0
 9 9 3 4 8 0 3 0 0 1 0 0 0 1 0
 9 8 3 8 8 8 0 0 0 0 0 0 0 0 0
 8 8 3 2 2 2 2 2 2 0 0 1 9 9 0
 8 8 8 2 2 2 2 2 2 0 0 9 9 9 9
 8 8 8 2 2 2 2 2 2 8 9 9 9 9 9
 9 8 8 2 2 2 2 8 2 9 9 9 9 9 9
