# <# turns> <side> <weapon> <width> <height> <cure period>
96 0 0 15 15 20
# Home positions
0 0
0 7
7 0
14 14
14 7
7 14
# Ranks and scores of samurai
0 0
0 0
0 0
0 0
0 0
0 0
# Turn information for samurai of side 0 with weapon 0
# <turn>
0
# <cure period>
0
# Samurai states: <position x> <position y> <hiding>
0 0 0
0 7 0
7 0 0
-1 -1 1
-1 -1 1
-1 -1 1
# Battle field states
 8 8 8 8 8 8 8 8 8 8 8 8 8 9 9
 8 8 8 8 8 8 8 8 8 8 8 8 9 9 9
 8 8 8 8 8 8 8 8 8 8 8 9 9 9 9
 8 8 8 9 9 8 8 8 8 8 9 9 9 9 9
 8 8 8 9 9 9 8 8 8 9 9 9 9 9 9
 8 8 8 8 9 9 9 8 9 9 9 9 9 9 9
 8 8 8 8 8 9 9 9 9 9 9 9 9 9 9
 8 8 8 8 8 8 9 9 9 9 9 9 9 9 9
 8 8 8 8 8 9 9 9 9 9 9 9 9 9 9
 8 8 8 8 9 9 9 9 9 9 9 9 9 9 9
 8 8 8 9 9 9 9 9 9 9 9 9 9 9 9
 8 8 9 9 9 9 9 9 9 9 9 9 9 9 9
 8 9 9 9 9 9 9 9 9 9 9 9 9 9 9
 9 9 9 9 9 9 9 9 9 9 9 9 9 9 9
 9 9 9 9 9 9 9 9 9 9 9 9 9 9 9
# Turn information for samurai of side 0 with weapon 0
# <turn>
7
# <cure period>
0
# Samurai states: <position x> <position y> <hiding>
0 1 0
1 7 0
7 1 0
-1 -1 1
-1 -1 1
-1 -1 1
# Battle field states
 8 8 8 8 8 8 2 8 2 8 8 8 9 9 9
 8 8 8 8 8 8 2 8 2 8 8 8 8 9 9
 0 8 8 8 8 8 2 2 2 8 8 8 9 9 9
 0 8 8 8 8 8 8 8 8 8 8 9 9 9 9
 0 8 8 8 9 8 8 8 8 8 9 9 9 9 9
 0 1 8 8 8 9 8 8 8 9 9 9 9 9 9
 8 1 1 8 8 8 9 8 9 9 9 9 9 9 9
 8 8 1 1 8 8 8 9 9 9 9 9 9 9 9
 8 8 8 8 8 8 9 9 9 9 9 9 9 9 9
 8 8 8 8 8 9 9 9 9 9 9 9 9 9 9
 8 8 8 8 9 9 9 9 9 9 9 9 9 9 9
 8 8 8 9 9 9 9 9 9 9 9 9 9 9 9
 9 8 9 9 9 9 9 9 9 9 9 9 9 9 9
 9 9 9 9 9 9 9 9 9 9 9 9 9 9 9
 9 9 9 9 9 9 9 9 9 9 9 9 9 9 9
# Turn information for samurai of side 0 with weapon 0
# <turn>
12
# <cure period>
0
# Samurai states: <position x> <position y> <hiding>
1 1 0
1 8 0
7 4 0
-1 -1 1
-1 -1 1
-1 -1 1
# Battle field states
 8 8 8 8 8 8 2 8 2 9 9 9 9 9 9
 8 8 0 0 0 0 2 8 2 8 9 9 9 9 9
 0 8 8 8 8 8 2 2 2 8 8 9 9 9 9
 0 8 8 8 8 8 8 8 8 8 8 8 9 9 9
 0 8 8 8 8 8 8 8 8 8 8 8 8 9 9
 0 1 8 8 8 8 8 8 8 8 8 8 9 9 9
 8 1 1 8 8 8 8 8 8 8 8 9 9 9 9
 8 8 1 1 8 8 8 8 8 8 9 9 9 9 9
 8 8 1 1 8 8 8 8 8 9 9 9 9 9 9
 8 1 1 8 8 8 9 8 9 9 9 9 9 9 9
 8 1 8 8 8 9 9 9 9 9 9 9 9 9 9
 8 8 8 8 9 9 9 9 9 9 9 9 9 9 9
 8 8 8 9 9 9 9 9 9 9 9 9 9 9 9
 9 8 9 9 9 9 9 9 9 9 9 9 9 9 9
 9 9 9 9 9 9 9 9 9 9 9 9 9 9 9
# Turn information for samurai of side 0 with weapon 0
# <turn>
19
# <cure period>
0
# Samurai states: <position x> <position y> <hiding>
1 2 0
2 8 1
7 5 0
-1 -1 1
-1 -1 1
-1 -1 1
# Battle field states
 8 8 8 8 8 9 9 8 9 9 9 9 9 9 9
 8 8 0 0 0 0 2 8 2 9 9 9 9 9 9
 0 8 0 0 0 0 2 2 2 8 9 9 9 9 9
 0 8 8 8 8 8 8 8 8 8 8 9 9 9 9
 0 8 8 8 8 8 2 8 2 8 8 8 9 9 9
 0 1 8 8 8 8 2 8 2 8 8 8 4 9 9
 8 1 1 8 8 8 2 2 2 8 8 4 9 9 9
 8 8 1 1 8 8 8 8 8 8 8 9 9 9 9
 8 8 1 1 1 8 8 8 8 8 9 9 9 9 9
 8 1 1 1 8 8 8 8 8 9 9 9 9 9 9
 8 1 1 8 8 8 9 8 9 9 9 9 9 9 9
 8 8 8 8 8 9 9 9 9 9 9 9 9 9 9
 9 8 8 8 9 9 9 9 9 9 9 9 9 9 9
 9 9 8 9 9 9 9 9 9 9 9 9 9 9 9
 9 9 9 9 9 9 9 9 9 9 9 9 9 9 9
# Turn information for samurai of side 0 with weapon 0
# <turn>
24
# <cure period>
0
# Samurai states: <position x> <position y> <hiding>
1 3 0
3 8 0
8 5 1
-1 -1 1
13 5 0
-1 -1 1
# Battle field states
 8 8 8 8 9 9 9 9 2 9 9 9 9 9 9
 8 8 0 0 0 9 9 8 2 8 9 9 9 9 9
 0 8 0 0 0 0 2 2 2 8 8 9 9 9 9
 0 8 0 0 0 0 8 8 8 8 8 8 9 9 9
 0 8 8 8 8 8 2 2 2 2 8 8 8 9 9
 0 1 8 8 8 8 2 2 2 2 8 8 4 4 9
 8 1 1 8 8 8 2 2 2 2 8 4 4 9 9
 8 1 1 1 8 8 8 8 8 8 8 4 9 9 9
 1 1 1 1 1 8 8 8 8 8 8 9 9 9 9
 8 1 1 1 8 8 8 8 8 8 9 9 9 9 9
 8 1 1 8 8 8 5 9 5 9 9 9 9 9 9
 9 8 8 8 8 8 9 9 9 9 9 9 9 9 9
 9 9 8 8 8 9 9 9 9 9 9 9 9 9 9
 9 9 9 8 9 9 9 9 9 9 9 9 9 9 9
 9 9 9 9 9 9 9 9 9 9 9 9 9 9 9
# Turn information for samurai of side 0 with weapon 0
# <turn>
31
# <cure period>
0
# Samurai states: <position x> <position y> <hiding>
1 4 0
4 8 1
9 6 1
-1 -1 1
-1 -1 1
-1 -1 1
# Battle field states
 8 0 8 9 9 9 9 9 9 9 9 9 9 9 9
 8 0 0 0 9 9 9 9 9 8 9 9 9 9 9
 0 0 0 0 0 9 9 9 2 8 8 9 9 9 9
 0 0 0 0 0 0 9 8 8 8 8 8 9 9 9
 0 8 8 8 8 8 2 2 2 2 8 4 4 9 9
 0 1 8 8 8 8 2 2 2 2 4 4 4 4 9
 8 1 1 8 1 8 2 2 2 2 8 4 4 4 4
 8 1 1 1 1 1 8 8 8 8 8 4 4 4 9
 1 1 1 1 1 1 1 8 8 8 8 8 4 9 9
 8 1 1 1 8 8 5 5 5 8 8 8 9 9 9
 9 1 1 8 8 8 5 5 5 8 8 9 9 9 9
 9 9 8 8 8 8 5 9 9 3 9 9 9 9 9
 9 9 9 8 8 8 9 9 9 9 9 9 9 9 9
 9 9 9 9 8 9 9 9 9 9 9 9 9 9 9
 9 9 9 9 9 9 9 9 9 9 9 9 9 9 9
# Turn information for samurai of side 0 with weapon 0
# <turn>
36
# <cure period>
0
# Samurai states: <position x> <position y> <hiding>
1 5 1
4 8 1
10 6 0
-1 -1 1
14 7 0
7 9 0
# Battle field states
 9 0 9 9 9 9 9 9 9 9 9 9 9 9 9
 8 0 0 9 9 9 9 9 9 9 8 9 9 9 9
 0 0 0 0 9 9 9 9 9 8 8 8 9 9 9
 0 0 0 0 0 9 9 9 8 8 8 4 4 9 9
 0 8 8 8 8 8 9 2 2 2 4 4 4 4 9
 0 1 0 0 0 0 2 2 2 2 2 2 4 4 4
 8 1 1 8 1 8 2 2 2 2 8 2 4 4 4
 8 1 1 1 1 1 8 8 8 2 2 2 4 4 8
 1 1 1 1 1 1 5 5 5 8 8 8 4 4 9
 8 1 1 1 1 1 5 5 5 8 8 8 8 9 9
 9 1 1 8 1 8 5 5 9 8 8 8 9 9 9
 9 9 8 8 8 8 5 9 9 9 3 9 9 9 9
 9 9 9 8 8 8 9 9 9 9 9 9 9 9 9
 9 9 9 9 8 9 9 9 9 9 9 9 9 9 9
 9 9 9 9 9 9 9 9 9 9 9 9 9 9 9
# Turn information for samurai of side 0 with weapon 0
# <turn>
43
# <cure period>
0
# Samurai states: <position x> <position y> <hiding>
4 5 0
5 7 1
10 5 1
-1 -1 1
-1 -1 1
-1 -1 1
# Battle field states
 9 9 9 9 8 9 9 9 9 9 8 9 9 9 9
 9 9 9 0 0 0 9 9 9 8 8 8 9 9 9
 9 9 0 0 0 0 2 9 2 8 8 8 8 9 9
 9 0 0 0 0 0 8 8 8 8 8 4 4 8 9
 0 8 8 8 8 8 2 2 2 2 2 2 4 4 8
 0 1 0 0 0 0 2 2 2 2 2 2 4 4 4
 8 1 1 8 1 8 2 2 2 2 2 2 4 4 4
 8 1 1 1 1 1 8 8 8 2 2 2 4 4 9
 9 1 1 1 1 5 5 5 5 8 8 8 4 9 9
 9 9 1 1 1 5 5 5 5 3 3 3 9 9 9
 9 9 9 8 1 5 5 5 9 9 3 9 9 9 9
 9 9 9 9 8 8 5 9 9 9 9 9 9 9 9
 9 9 9 9 9 8 9 9 9 9 9 9 9 9 9
 9 9 9 9 9 9 9 9 9 9 9 9 9 9 9
 9 9 9 9 9 9 9 9 9 9 9 9 9 9 9
# Turn information for samurai of side 0 with weapon 0
# <turn>
48
# <cure period>
0
# Samurai states: <position x> <position y> <hiding>
6 6 1
4 7 0
10 4 0
-1 -1 1
-1 -1 1
7 9 0
# Battle field states
 9 9 9 9 9 9 9 9 9 8 8 8 9 9 9
 9 9 9 9 9 9 2 9 2 8 8 8 8 9 9
 9 9 9 9 0 0 2 2 2 8 8 8 8 8 9
 9 9 9 0 0 0 8 8 8 2 2 2 4 8 8
 9 9 8 8 8 8 2 2 2 2 2 2 4 4 8
 9 1 0 0 0 0 2 2 2 2 2 2 4 4 4
 8 1 1 8 1 8 2 2 2 2 2 2 4 4 9
 8 1 1 1 1 1 1 1 8 2 2 2 4 9 9
 1 1 1 1 1 5 5 5 5 8 8 8 9 9 9
 9 1 1 1 1 5 5 5 5 9 3 9 9 9 9
 9 9 1 8 1 5 5 5 9 9 9 9 9 9 9
 9 9 9 8 8 8 5 9 9 9 9 9 9 9 9
 9 9 9 9 8 9 9 9 9 9 9 9 9 9 9
 9 9 9 9 9 9 9 9 9 9 9 9 9 9 9
 9 9 9 9 9 9 9 9 9 9 9 9 9 9 9
# Turn information for samurai of side 0 with weapon 0
# <turn>
55
# <cure period>
0
# Samurai states: <position x> <position y> <hiding>
7 6 0
6 6 1
10 3 1
-1 -1 1
-1 -1 1
-1 -1 1
# Battle field states
 9 9 9 9 9 9 9 9 2 8 8 8 8 9 9
 9 9 9 9 9 9 2 8 2 8 8 8 8 8 9
 9 9 9 9 9 0 2 2 2 8 8 8 8 8 8
 9 9 9 9 0 0 8 8 8 2 2 2 4 8 8
 9 9 9 8 8 8 2 2 2 2 2 2 4 4 8
 9 9 0 0 0 0 2 2 2 2 2 2 4 4 9
 9 1 1 8 1 8 2 2 2 2 2 2 4 9 9
 9 9 1 1 1 1 1 0 8 2 2 2 9 9 9
 9 9 9 1 1 5 5 0 5 3 3 9 9 9 9
 9 9 9 9 1 5 5 0 5 3 9 9 9 9 9
 9 9 9 9 9 5 5 0 5 9 9 9 9 9 9
 9 9 9 9 9 9 5 5 9 9 9 9 9 9 9
 9 9 9 9 9 9 9 9 9 9 9 9 9 9 9
 9 9 9 9 9 9 9 9 9 9 9 9 9 9 9
 9 9 9 9 9 9 9 9 9 9 9 9 9 9 9
# Turn information for samurai of side 0 with weapon 0
# <turn>
60
# <cure period>
0
# Samurai states: <position x> <position y> <hiding>
8 5 1
6 6 1
11 3 0
-1 -1 1
-1 -1 1
-1 -1 1
# Battle field states
 9 9 9 9 9 9 9 9 2 8 8 8 8 8 9
 9 9 9 9 9 9 2 8 2 8 8 8 8 8 8
 9 9 9 9 9 0 2 2 2 8 2 2 2 8 8
 9 9 9 9 0 0 8 8 8 2 2 2 2 8 8
 9 9 9 8 8 8 2 2 2 2 2 2 2 4 8
 9 9 0 0 0 0 2 2 2 2 2 2 4 4 4
 9 1 1 8 1 8 2 2 2 2 2 2 4 4 9
 9 9 1 1 1 1 1 0 8 2 2 4 4 9 9
 9 9 9 1 1 5 5 0 5 3 3 3 9 9 9
 9 9 9 9 1 5 5 0 5 3 9 9 9 9 9
 9 9 9 9 9 5 5 0 5 9 9 9 9 9 9
 9 9 9 9 9 9 5 9 9 9 9 9 9 9 9
 9 9 9 9 9 9 9 9 9 9 9 9 9 9 9
 9 9 9 9 9 9 9 9 9 9 9 9 9 9 9
 9 9 9 9 9 9 9 9 9 9 9 9 9 9 9
# Turn information for samurai of side 0 with weapon 0
# <turn>
67
# <cure period>
0
# Samurai states: <position x> <position y> <hiding>
7 4 1
6 6 1
14 3 0
-1 -1 1
-1 -1 1
-1 -1 1
# Battle field states
 9 9 9 9 9 9 2 8 2 9 9 9 8 8 8
 9 9 9 9 9 0 2 8 2 8 9 8 8 8 8
 9 9 9 9 0 0 2 2 2 8 2 2 2 8 8
 9 9 9 0 0 0 8 8 8 2 2 2 2 8 8
 9 9 8 8 8 8 2 2 2 2 2 3 3 4 8
 9 9 0 0 0 0 2 2 2 2 2 3 4 4 4
 9 1 1 8 1 8 2 2 2 2 2 3 4 4 4
 9 9 1 1 1 1 1 0 8 2 4 9 9 4 8
 9 9 9 1 1 5 5 0 5 3 9 9 9 9 3
 9 9 9 9 1 5 5 0 5 9 9 9 9 9 9
 9 9 9 9 9 5 5 0 9 9 9 9 9 9 9
 9 9 9 9 9 9 5 9 9 9 9 9 9 9 9
 9 9 9 9 9 9 9 9 9 9 9 9 9 9 9
 9 9 9 9 9 9 9 9 9 9 9 9 9 9 9
 9 9 9 9 9 9 9 9 9 9 9 9 9 9 9
# Turn information for samurai of side 0 with weapon 0
# <turn>
72
# <cure period>
0
# Samurai states: <position x> <position y> <hiding>
7 7 1
5 5 1
13 3 0
-1 -1 1
11 7 0
-1 -1 1
# Battle field states
 9 9 9 9 9 8 9 9 9 9 9 8 8 8 8
 9 9 9 9 0 0 2 9 9 9 8 8 8 8 8
 9 9 9 0 0 0 2 2 9 8 2 2 2 2 2
 9 9 0 0 0 0 8 8 8 2 2 2 2 8 2
 9 8 8 8 8 8 2 2 2 2 2 3 2 2 2
 0 1 0 0 0 0 2 2 2 2 2 4 4 4 4
 9 1 1 8 1 8 2 2 2 2 4 4 4 4 4
 9 9 1 1 1 1 1 0 8 4 4 3 3 4 8
 9 9 9 1 1 5 5 0 5 3 3 3 9 4 9
 9 9 9 9 1 5 5 0 5 3 3 9 9 9 9
 9 9 9 9 9 5 5 0 5 3 9 9 9 9 9
 9 9 9 9 9 9 5 5 5 9 9 9 9 9 9
 9 9 9 9 9 9 9 5 9 9 9 9 9 9 9
 9 9 9 9 9 9 9 9 9 9 9 9 9 9 9
 9 9 9 9 9 9 9 9 9 9 9 9 9 9 9
# Turn information for samurai of side 0 with weapon 0
# <turn>
79
# <cure period>
14
# Samurai states: <position x> <position y> <hiding>
0 0 0
7 4 1
13 4 1
-1 -1 1
14 7 0
-1 -1 1
# Battle field states
 8 0 8 8 8 8 2 8 2 9 9 9 8 8 8
 8 0 0 0 0 0 2 8 2 8 9 8 8 8 8
 0 0 0 0 0 0 2 2 2 8 2 2 2 2 2
 0 0 0 0 0 0 8 8 8 2 3 2 2 2 2
 0 8 8 8 8 8 2 2 2 2 3 3 2 2 2
 0 9 9 0 0 0 2 2 2 2 3 4 2 2 2
 9 9 9 9 1 8 2 2 2 2 3 4 4 4 4
 9 9 9 9 9 1 1 3 3 3 9 0 3 4 8
 9 9 9 9 9 9 5 0 5 9 9 9 4 4 3
 9 9 9 9 9 9 9 0 9 9 9 9 9 4 9
 9 9 9 9 9 9 9 9 9 9 9 9 9 9 9
 9 9 9 9 9 9 9 9 9 9 9 9 9 9 9
 9 9 9 9 9 9 9 9 9 9 9 9 9 9 9
 9 9 9 9 9 9 9 9 9 9 9 9 9 9 9
 9 9 9 9 9 9 9 9 9 9 9 9 9 9 9
# Turn information for samurai of side 0 with weapon 0
# <turn>
84
# <cure period>
9
# Samurai states: <position x> <position y> <hiding>
0 0 0
8 4 0
12 5 1
10 7 0
14 7 0
-1 -1 1
# Battle field states
 8 0 8 8 8 8 9 8 2 8 9 9 8 9 9
 8 0 0 0 0 9 2 8 2 8 8 8 8 8 9
 0 0 0 0 9 0 2 1 2 8 2 2 2 2 2
 0 0 0 9 0 0 1 1 8 2 3 2 2 2 2
 0 8 9 8 8 1 1 2 2 2 3 3 2 2 2
 0 9 9 9 0 0 2 2 2 2 3 4 2 2 2
 9 9 9 9 9 8 2 2 2 2 3 4 4 4 4
 9 9 9 9 9 9 1 3 3 3 3 0 3 4 8
 9 9 9 9 9 9 9 0 5 3 3 3 4 4 3
 9 9 9 9 9 9 9 9 5 9 9 3 3 4 9
 9 9 9 9 9 9 9 9 9 9 9 9 3 9 9
 9 9 9 9 9 9 9 9 9 9 9 9 9 9 9
 9 9 9 9 9 9 9 9 9 9 9 9 9 9 9
 9 9 9 9 9 9 9 9 9 9 9 9 9 9 9
 9 9 9 9 9 9 9 9 9 9 9 9 9 9 9
# Turn information for samurai of side 0 with weapon 0
# <turn>
91
# <cure period>
2
# Samurai states: <position x> <position y> <hiding>
0 0 0
7 4 1
12 5 1
8 7 0
14 7 0
-1 -1 1
# Battle field states
 8 0 8 8 8 8 2 8 2 9 9 9 8 9 9
 8 0 0 0 0 0 2 8 2 8 9 8 8 8 9
 0 0 0 0 0 0 2 1 1 8 2 2 2 2 2
 0 0 0 0 0 0 1 1 3 1 3 2 2 2 2
 0 8 8 8 8 1 1 2 3 1 1 2 2 2 2
 0 9 9 0 0 0 2 2 3 3 3 2 2 2 2
 9 9 9 9 1 8 2 2 3 3 3 2 2 2 4
 9 9 9 9 9 1 1 3 3 3 3 0 3 4 8
 9 9 9 9 9 9 5 0 5 9 3 3 4 4 3
 9 9 9 9 9 9 9 0 9 9 9 3 3 4 9
 9 9 9 9 9 9 9 9 9 9 9 9 3 9 9
 9 9 9 9 9 9 9 9 9 9 9 9 9 9 9
 9 9 9 9 9 9 9 9 9 9 9 9 9 9 9
 9 9 9 9 9 9 9 9 9 9 9 9 9 9 9
 9 9 9 9 9 9 9 9 9 9 9 9 9 9 9
