# <# turns> <side> <weapon> <width> <height> <cure period>
96 0 1 15 15 20
# Home positions
0 0
0 7
7 0
14 14
14 7
7 14
# Ranks and scores of samurai
0 0
0 0
0 0
0 0
0 0
0 0
# Turn information for samurai of side 0 with weapon 1
# <turn>
3
# <cure period>
0
# Samurai states: <position x> <position y> <hiding>
1 0 0
0 7 0
7 0 0
-1 -1 1
-1 -1 1
-1 -1 1
# Battle field states
 8 8 0 0 0 0 8 8 8 8 8 8 8 9 9
 8 8 8 8 8 8 8 8 8 8 8 8 9 9 9
 8 8 8 8 8 8 8 8 8 8 8 9 9 9 9
 8 8 8 8 9 8 8 8 8 8 9 9 9 9 9
 8 8 8 9 9 9 8 8 8 9 9 9 9 9 9
 8 8 8 8 9 9 9 8 9 9 9 9 9 9 9
 8 8 8 8 8 9 9 9 9 9 9 9 9 9 9
 8 8 8 8 8 8 9 9 9 9 9 9 9 9 9
 8 8 8 8 8 9 9 9 9 9 9 9 9 9 9
 8 8 8 8 9 9 9 9 9 9 9 9 9 9 9
 8 8 8 9 9 9 9 9 9 9 9 9 9 9 9
 8 8 9 9 9 9 9 9 9 9 9 9 9 9 9
 8 9 9 9 9 9 9 9 9 9 9 9 9 9 9
 9 9 9 9 9 9 9 9 9 9 9 9 9 9 9
 9 9 9 9 9 9 9 9 9 9 9 9 9 9 9
# Turn information for samurai of side 0 with weapon 1
# <turn>
8
# <cure period>
0
# Samurai states: <position x> <position y> <hiding>
1 1 0
1 7 0
7 1 0
-1 -1 1
-1 -1 1
-1 -1 1
# Battle field states
 8 8 0 0 0 0 2 8 2 8 8 8 9 9 9
 8 8 8 8 8 8 2 8 2 8 8 8 8 9 9
 8 0 8 8 8 8 2 2 2 8 8 8 9 9 9
 8 0 8 8 8 8 8 8 8 8 8 9 9 9 9
 8 0 8 8 9 8 8 8 8 8 9 9 9 9 9
 8 0 8 8 8 9 8 8 8 9 9 9 9 9 9
 8 8 8 8 8 8 9 8 9 9 9 9 9 9 9
 8 8 1 1 8 8 8 9 9 9 9 9 9 9 9
 8 1 1 8 8 8 9 9 9 9 9 9 9 9 9
 8 1 8 8 8 9 9 9 9 9 9 9 9 9 9
 8 8 8 8 9 9 9 9 9 9 9 9 9 9 9
 8 8 8 9 9 9 9 9 9 9 9 9 9 9 9
 9 8 9 9 9 9 9 9 9 9 9 9 9 9 9
 9 9 9 9 9 9 9 9 9 9 9 9 9 9 9
 9 9 9 9 9 9 9 9 9 9 9 9 9 9 9
# Turn information for samurai of side 0 with weapon 1
# <turn>
15
# <cure period>
0
# Samurai states: <position x> <position y> <hiding>
1 2 1
2 7 1
7 4 0
-1 -1 1
-1 -1 1
-1 -1 1
# Battle field states
 8 8 0 0 0 9 2 8 2 9 9 9 9 9 9
 8 8 0 0 0 0 2 8 2 8 9 9 9 9 9
 8 0 8 8 8 8 2 2 2 8 8 9 9 9 9
 8 0 8 8 8 8 8 8 8 8 8 8 9 9 9
 8 0 8 8 8 8 8 8 8 8 8 8 8 9 9
 8 0 1 8 8 8 8 8 8 8 8 8 9 9 9
 8 1 1 8 8 8 8 8 8 8 8 9 9 9 9
 8 1 1 1 8 8 8 8 8 8 9 9 9 9 9
 8 1 1 8 8 8 8 8 8 9 9 9 9 9 9
 8 1 8 8 8 8 9 8 9 9 9 9 9 9 9
 8 8 8 8 8 9 9 9 9 9 9 9 9 9 9
 9 8 8 8 9 9 9 9 9 9 9 9 9 9 9
 9 9 8 9 9 9 9 9 9 9 9 9 9 9 9
 9 9 9 9 9 9 9 9 9 9 9 9 9 9 9
 9 9 9 9 9 9 9 9 9 9 9 9 9 9 9
# Turn information for samurai of side 0 with weapon 1
# <turn>
20
# <cure period>
0
# Samurai states: <position x> <position y> <hiding>
1 3 0
3 7 0
7 5 0
-1 -1 1
-1 -1 1
-1 -1 1
# Battle field states
 8 8 0 0 9 9 9 8 9 9 9 9 9 9 9
 8 8 0 0 0 9 2 8 2 9 9 9 9 9 9
 8 0 8 8 8 8 2 2 2 8 9 9 9 9 9
 8 0 0 0 0 0 8 8 8 8 8 9 9 9 9
 8 0 8 8 8 8 2 2 2 8 8 8 9 9 9
 8 0 1 1 8 8 8 8 2 8 8 8 4 9 9
 8 1 1 1 1 8 2 2 2 8 8 4 9 9 9
 8 1 1 1 1 1 8 8 8 8 8 9 9 9 9
 8 1 1 8 8 8 8 8 8 8 9 9 9 9 9
 8 1 8 8 8 8 8 8 8 9 9 9 9 9 9
 9 8 8 8 8 8 9 8 9 9 9 9 9 9 9
 9 9 8 8 8 9 9 9 9 9 9 9 9 9 9
 9 9 9 8 9 9 9 9 9 9 9 9 9 9 9
 9 9 9 9 9 9 9 9 9 9 9 9 9 9 9
 9 9 9 9 9 9 9 9 9 9 9 9 9 9 9
# Turn information for samurai of side 0 with weapon 1
# <turn>
27
# <cure period>
0
# Samurai states: <position x> <position y> <hiding>
1 4 1
4 7 1
7 6 1
-1 -1 1
-1 -1 1
7 11 0
# Battle field states
 8 8 0 9 9 9 9 9 9 9 9 9 9 9 9
 8 8 0 0 9 9 9 8 9 9 9 9 9 9 9
 8 0 8 8 8 9 2 2 2 9 9 9 9 9 9
 8 0 0 0 0 0 8 8 8 8 9 9 9 9 9
 8 0 0 0 0 0 2 2 2 8 8 9 9 9 9
 8 0 1 1 8 8 2 2 2 8 4 4 9 9 9
 8 1 1 1 1 8 2 2 2 8 8 4 4 9 9
 8 1 1 1 1 1 2 2 2 8 8 4 9 9 9
 8 1 1 8 1 1 8 8 8 8 8 9 9 9 9
 9 1 8 8 1 8 8 8 8 8 9 9 9 9 9
 9 9 8 8 8 8 5 5 5 9 9 9 9 9 9
 9 9 9 8 8 8 9 5 9 9 9 9 9 9 9
 9 9 9 9 8 9 9 9 9 9 9 9 9 9 9
 9 9 9 9 9 9 9 9 9 9 9 9 9 9 9
 9 9 9 9 9 9 9 9 9 9 9 9 9 9 9
# Turn information for samurai of side 0 with weapon 1
# <turn>
32
# <cure period>
0
# Samurai states: <position x> <position y> <hiding>
2 6 0
7 7 1
9 6 0
-1 -1 1
-1 -1 1
7 10 0
# Battle field states
 9 9 9 9 9 9 9 9 9 9 9 9 9 9 9
 9 9 0 9 9 9 9 9 9 8 9 9 9 9 9
 9 0 8 8 9 9 9 2 2 8 8 9 9 9 9
 8 0 0 0 0 9 8 8 8 8 8 8 9 9 9
 8 0 0 0 0 0 2 2 2 8 8 4 4 9 9
 8 0 1 1 8 8 2 2 2 8 4 4 4 4 9
 8 1 1 1 1 8 2 2 2 8 8 4 4 4 4
 8 1 1 1 1 1 2 2 2 8 8 4 4 4 9
 8 1 1 8 1 1 8 8 8 8 8 8 4 9 9
 8 1 8 8 1 8 5 5 5 8 3 3 9 9 9
 9 8 8 8 9 8 5 5 5 8 3 9 9 9 9
 9 9 8 9 9 9 5 5 5 8 9 9 9 9 9
 9 9 9 9 9 9 9 5 9 9 9 9 9 9 9
 9 9 9 9 9 9 9 9 9 9 9 9 9 9 9
 9 9 9 9 9 9 9 9 9 9 9 9 9 9 9
# Turn information for samurai of side 0 with weapon 1
# <turn>
39
# <cure period>
0
# Samurai states: <position x> <position y> <hiding>
5 6 0
6 7 1
10 6 0
-1 -1 1
-1 -1 1
7 9 0
# Battle field states
 9 9 9 9 9 9 9 9 9 9 9 9 9 9 9
 9 9 9 9 9 0 9 9 9 9 8 9 9 9 9
 9 9 9 9 8 8 2 9 9 8 8 4 9 9 9
 9 9 9 0 0 0 8 8 8 8 4 4 4 9 9
 9 9 0 0 0 0 2 2 2 8 8 4 4 4 9
 9 0 1 1 8 8 2 2 2 2 2 2 4 4 4
 8 1 1 1 1 8 2 2 2 8 8 2 4 4 4
 9 1 1 1 1 1 2 2 2 2 2 2 4 4 8
 9 9 1 8 1 1 5 5 5 8 8 8 4 4 9
 9 9 9 8 1 8 5 5 5 3 3 3 8 9 9
 9 9 9 9 8 8 5 5 5 3 3 3 9 9 9
 9 9 9 9 9 8 5 5 9 9 3 9 9 9 9
 9 9 9 9 9 9 5 9 9 9 9 9 9 9 9
 9 9 9 9 9 9 9 9 9 9 9 9 9 9 9
 9 9 9 9 9 9 9 9 9 9 9 9 9 9 9
# Turn information for samurai of side 0 with weapon 1
# <turn>
44
# <cure period>
0
# Samurai states: <position x> <position y> <hiding>
8 6 1
6 8 0
11 6 1
-1 -1 1
-1 -1 1
-1 -1 1
# Battle field states
 9 9 9 9 9 9 9 9 9 9 9 9 9 9 9
 9 9 9 9 9 9 9 9 2 9 9 8 9 9 9
 9 9 9 9 9 9 9 2 2 8 8 4 4 9 9
 9 9 9 9 9 9 8 8 8 8 4 4 4 4 9
 9 9 9 9 9 0 2 2 2 8 8 4 4 4 4
 9 9 9 9 8 8 2 2 2 2 2 2 2 4 4
 9 9 9 1 1 8 2 2 2 8 2 2 2 4 4
 9 9 1 1 1 1 2 2 2 2 2 2 2 4 8
 9 1 1 8 1 1 5 1 1 8 8 8 4 4 8
 9 9 8 8 1 8 1 1 5 3 3 3 8 4 9
 9 9 9 8 8 8 1 5 5 3 3 3 8 9 9
 9 9 9 9 8 8 5 5 5 9 9 3 9 9 9
 9 9 9 9 9 8 5 5 9 9 9 9 9 9 9
 9 9 9 9 9 9 3 9 9 9 9 9 9 9 9
 9 9 9 9 9 9 9 9 9 9 9 9 9 9 9
# Turn information for samurai of side 0 with weapon 1
# <turn>
51
# <cure period>
0
# Samurai states: <position x> <position y> <hiding>
10 5 1
6 7 1
12 6 0
-1 -1 1
13 2 0
-1 -1 1
# Battle field states
 9 9 9 9 9 9 9 9 9 9 8 9 9 9 9
 9 9 9 9 9 9 9 9 9 8 8 8 4 9 9
 9 9 9 9 9 9 2 9 2 8 8 4 4 4 9
 9 9 9 9 9 0 8 8 8 8 4 4 4 4 4
 9 9 9 9 0 0 2 2 2 8 8 4 4 4 4
 9 9 9 1 8 8 2 2 2 2 2 2 2 2 4
 9 9 1 1 1 8 2 2 2 8 2 2 2 2 4
 9 1 1 1 1 1 2 1 1 2 2 2 2 2 8
 9 9 1 8 1 1 1 1 1 8 8 8 4 4 8
 9 9 9 8 1 8 1 1 5 3 3 3 8 4 8
 9 9 9 9 8 8 1 5 5 9 3 3 8 8 9
 9 9 9 9 9 8 5 5 9 9 9 9 8 9 9
 9 9 9 9 9 9 3 9 9 9 9 9 9 9 9
 9 9 9 9 9 9 9 9 9 9 9 9 9 9 9
 9 9 9 9 9 9 9 9 9 9 9 9 9 9 9
# Turn information for samurai of side 0 with weapon 1
# <turn>
56
# <cure period>
0
# Samurai states: <position x> <position y> <hiding>
10 6 0
8 6 1
12 5 1
8 11 0
13 2 0
-1 -1 1
# Battle field states
 9 9 9 9 9 9 9 9 9 9 9 9 8 9 9
 9 9 9 9 9 9 9 9 2 9 0 8 4 4 9
 9 9 9 9 9 9 9 2 2 8 0 4 4 4 4
 9 9 9 9 9 9 8 8 8 8 0 4 4 4 4
 9 9 9 9 9 0 2 2 2 8 0 2 2 2 4
 9 9 9 9 8 8 2 2 2 2 2 2 2 2 4
 9 9 9 1 1 8 2 2 2 8 2 2 2 2 4
 9 9 9 9 1 1 2 1 3 2 2 2 2 2 8
 9 9 9 9 9 1 1 1 3 8 8 8 4 4 8
 9 9 9 9 9 9 1 1 3 3 3 3 8 4 9
 9 9 9 9 9 9 9 5 3 3 3 3 8 9 9
 9 9 9 9 9 9 9 9 5 9 3 9 9 9 9
 9 9 9 9 9 9 9 9 9 9 9 9 9 9 9
 9 9 9 9 9 9 9 9 9 9 9 9 9 9 9
 9 9 9 9 9 9 9 9 9 9 9 9 9 9 9
# Turn information for samurai of side 0 with weapon 1
# <turn>
63
# <cure period>
0
# Samurai states: <position x> <position y> <hiding>
10 7 1
9 6 0
12 8 0
-1 -1 1
12 3 0
-1 -1 1
# Battle field states
 9 9 9 9 9 9 9 9 9 9 9 9 9 9 9
 9 9 9 9 9 9 9 9 9 8 9 9 9 9 9
 9 9 9 9 9 9 9 9 2 8 4 9 9 9 9
 9 9 9 9 9 9 9 8 8 8 4 4 4 9 9
 9 9 9 9 9 9 2 2 2 8 0 4 4 2 9
 9 9 9 9 9 8 2 2 2 2 2 2 4 2 4
 9 9 9 9 1 8 2 2 2 1 1 2 2 2 4
 9 9 9 9 9 1 2 3 1 1 2 2 2 2 8
 9 9 9 9 9 9 1 3 1 8 0 8 4 4 8
 9 9 9 9 9 9 9 3 3 3 0 3 8 4 8
 9 9 9 9 9 9 9 9 3 3 0 3 8 8 3
 9 9 9 9 9 9 9 9 9 3 0 3 8 8 3
 9 9 9 9 9 9 9 9 9 9 3 3 8 8 9
 9 9 9 9 9 9 9 9 9 9 9 9 3 9 9
 9 9 9 9 9 9 9 9 9 9 9 9 9 9 9
# Turn information for samurai of side 0 with weapon 1
# <turn>
68
# <cure period>
0
# Samurai states: <position x> <position y> <hiding>
9 7 0
10 7 1
12 9 0
-1 -1 1
-1 -1 1
-1 -1 1
# Battle field states
 9 9 9 9 9 9 9 9 9 9 9 9 9 9 9
 9 9 9 9 9 9 9 9 9 9 9 9 9 9 9
 9 9 9 9 9 9 9 9 9 8 4 9 9 9 9
 9 9 9 9 9 9 9 9 8 8 4 4 9 9 9
 9 9 9 9 9 9 9 2 2 8 0 4 4 9 9
 9 9 9 9 9 9 2 2 2 2 2 2 4 2 9
 9 9 9 9 9 8 2 2 2 1 1 2 2 2 4
 9 9 9 9 1 1 3 3 1 1 2 2 2 2 8
 9 9 9 9 9 1 3 3 1 0 0 2 2 2 8
 9 9 9 9 9 9 3 3 3 0 0 2 8 2 8
 9 9 9 9 9 9 9 3 3 0 0 2 8 2 3
 9 9 9 9 9 9 9 9 5 0 0 3 8 8 3
 9 9 9 9 9 9 9 9 9 3 3 3 8 8 3
 9 9 9 9 9 9 9 9 9 9 9 3 3 8 9
 9 9 9 9 9 9 9 9 9 9 9 9 3 9 9
# Turn information for samurai of side 0 with weapon 1
# <turn>
75
# <cure period>
0
# Samurai states: <position x> <position y> <hiding>
8 7 1
8 6 1
13 9 1
-1 -1 1
12 5 0
-1 -1 1
# Battle field states
 9 9 9 9 9 9 9 9 9 9 9 9 9 9 9
 9 9 9 9 9 9 9 9 2 9 9 9 9 9 9
 9 9 9 9 9 9 9 2 2 8 9 9 9 9 9
 9 9 9 9 9 9 8 8 8 8 4 9 9 9 9
 9 9 9 9 9 0 2 2 2 8 4 4 9 2 9
 9 9 9 9 8 8 2 2 2 2 2 4 4 4 4
 9 9 9 1 1 8 2 2 2 1 1 2 4 4 4
 9 9 9 1 1 1 3 3 1 1 2 2 4 2 8
 9 9 9 9 1 1 3 3 0 0 0 2 2 2 2
 9 9 9 9 9 8 3 3 0 0 0 2 2 2 2
 9 9 9 9 9 9 3 3 0 0 0 2 2 2 2
 9 9 9 9 9 9 9 3 3 3 3 3 8 8 3
 9 9 9 9 9 9 9 9 5 9 9 3 8 8 3
 9 9 9 9 9 9 9 9 9 9 9 9 3 8 3
 9 9 9 9 9 9 9 9 9 9 9 9 9 8 9
# Turn information for samurai of side 0 with weapon 1
# <turn>
80
# <cure period>
0
# Samurai states: <position x> <position y> <hiding>
7 7 0
7 5 1
13 12 0
14 14 0
12 5 0
-1 -1 1
# Battle field states
 9 9 9 9 9 9 9 8 9 9 9 9 9 9 9
 9 9 9 9 9 9 2 8 2 9 9 9 9 9 9
 9 9 9 9 9 8 2 2 2 8 9 9 9 9 9
 9 9 9 9 0 0 8 8 8 8 4 9 9 9 9
 9 9 9 0 0 0 2 2 2 8 4 4 9 9 9
 9 9 1 1 8 8 2 2 2 2 2 4 4 9 9
 9 9 9 1 1 8 2 2 2 1 1 2 9 9 9
 9 9 1 1 1 1 3 3 1 1 2 2 4 2 9
 9 9 9 8 1 1 3 0 0 0 0 2 2 2 2
 9 9 9 9 1 8 3 0 0 0 0 2 2 2 2
 9 9 9 9 9 8 3 0 3 3 3 3 2 2 2
 9 9 9 9 9 9 5 0 3 3 3 3 8 8 3
 9 9 9 9 9 9 9 5 5 3 3 3 8 8 3
 9 9 9 9 9 9 9 9 9 3 3 3 3 8 3
 9 9 9 9 9 9 9 9 9 9 3 3 3 8 8
# Turn information for samurai of side 0 with weapon 1
# <turn>
87
# <cure period>
0
# Samurai states: <position x> <position y> <hiding>
6 7 0
7 4 1
12 12 1
14 14 0
-1 -1 1
6 12 0
# Battle field states
 9 9 9 9 9 9 2 8 2 9 9 9 9 9 9
 9 9 9 9 9 0 2 8 2 8 9 9 9 9 9
 9 9 9 9 8 8 2 2 2 8 4 9 9 9 9
 9 9 9 0 0 0 8 8 8 8 4 4 9 9 9
 9 9 0 0 0 0 2 2 2 8 4 4 4 9 9
 9 9 9 1 8 8 2 2 2 4 4 4 9 9 9
 9 9 1 1 1 8 2 2 2 4 4 9 9 9 9
 9 1 1 1 1 1 3 3 1 1 4 4 4 9 9
 9 9 1 8 1 1 0 0 0 0 0 4 2 2 9
 9 9 9 8 1 8 0 0 0 0 0 2 2 2 2
 9 9 9 9 8 8 0 0 3 3 3 3 2 2 2
 9 9 9 9 9 5 0 5 3 3 3 3 2 2 2
 9 9 9 9 9 9 5 5 5 3 3 3 2 8 2
 9 9 9 9 9 9 9 9 5 3 3 3 2 8 2
 9 9 9 9 9 9 9 9 9 3 3 3 3 8 8
# Turn information for samurai of side 0 with weapon 1
# <turn>
92
# <cure period>
0
# Samurai states: <position x> <position y> <hiding>
7 7 1
8 4 0
12 12 1
14 14 0
11 6 0
-1 -1 1
# Battle field states
 9 9 9 9 9 9 9 8 2 8 9 9 9 9 9
 9 9 9 9 9 9 2 8 2 8 0 9 9 9 9
 9 9 9 9 9 8 2 2 1 8 4 4 9 9 9
 9 9 9 9 0 0 8 8 1 1 4 4 4 9 9
 9 9 9 0 0 0 2 2 2 1 1 4 4 2 9
 9 9 9 9 8 8 2 2 2 4 4 4 4 9 9
 9 9 9 1 1 8 2 2 2 4 4 4 9 9 9
 9 9 1 1 1 1 3 0 0 0 0 4 4 9 9
 9 9 9 8 1 1 0 0 0 0 0 4 2 2 9
 9 9 9 9 1 8 0 0 0 0 0 2 2 2 2
 9 9 9 9 9 8 0 0 3 3 3 3 2 2 2
 9 9 9 9 9 9 5 5 3 3 3 2 2 2 2
 9 9 9 9 9 9 9 5 5 3 3 2 2 2 2
 9 9 9 9 9 9 9 9 5 3 3 2 2 2 2
 9 9 9 9 9 9 9 9 9 3 3 3 3 8 8
