# <# turns> <side> <weapon> <width> <height> <cure period>
96 0 1 15 15 20
# Home positions
0 0
0 7
7 0
14 14
14 7
7 14
# Ranks and scores of samurai
0 0
0 0
0 0
0 0
0 0
0 0
# Turn information for samurai of side 0 with weapon 1
# <turn>
3
# <cure period>
0
# Samurai states: <position x> <position y> <hiding>
0 0 0
0 7 0
7 0 0
-1 -1 1
-1 -1 1
-1 -1 1
# Battle field states
 8 8 8 8 8 8 8 8 8 8 8 8 8 9 9
 8 8 8 8 8 8 8 8 8 8 8 8 9 9 9
 8 8 8 8 8 8 8 8 8 8 8 9 9 9 9
 8 8 8 9 9 8 8 8 8 8 9 9 9 9 9
 8 8 8 9 9 9 8 8 8 9 9 9 9 9 9
 8 8 8 8 9 9 9 8 9 9 9 9 9 9 9
 8 8 8 8 8 9 9 9 9 9 9 9 9 9 9
 8 8 8 8 8 8 9 9 9 9 9 9 9 9 9
 8 8 8 8 8 9 9 9 9 9 9 9 9 9 9
 8 8 8 8 9 9 9 9 9 9 9 9 9 9 9
 8 8 8 9 9 9 9 9 9 9 9 9 9 9 9
 8 8 9 9 9 9 9 9 9 9 9 9 9 9 9
 8 9 9 9 9 9 9 9 9 9 9 9 9 9 9
 9 9 9 9 9 9 9 9 9 9 9 9 9 9 9
 9 9 9 9 9 9 9 9 9 9 9 9 9 9 9
# Turn information for samurai of side 0 with weapon 1
# <turn>
8
# <cure period>
0
# Samurai states: <position x> <position y> <hiding>
1 0 0
0 7 0
7 0 0
-1 -1 1
-1 -1 1
-1 -1 1
# Battle field states
 8 0 0 0 0 8 8 8 8 8 8 8 8 9 9
 8 8 8 8 8 8 8 8 8 8 8 8 9 9 9
 8 8 8 8 8 8 8 8 8 8 8 9 9 9 9
 8 8 8 8 9 8 8 8 8 8 9 9 9 9 9
 8 8 8 9 9 9 8 8 8 9 9 9 9 9 9
 8 8 8 8 9 9 9 8 9 9 9 9 9 9 9
 8 8 8 8 8 9 9 9 9 9 9 9 9 9 9
 8 8 8 8 8 8 9 9 9 9 9 9 9 9 9
 8 8 8 8 8 9 9 9 9 9 9 9 9 9 9
 8 8 8 8 9 9 9 9 9 9 9 9 9 9 9
 8 8 8 9 9 9 9 9 9 9 9 9 9 9 9
 8 8 9 9 9 9 9 9 9 9 9 9 9 9 9
 8 9 9 9 9 9 9 9 9 9 9 9 9 9 9
 9 9 9 9 9 9 9 9 9 9 9 9 9 9 9
 9 9 9 9 9 9 9 9 9 9 9 9 9 9 9
# Turn information for samurai of side 0 with weapon 1
# <turn>
15
# <cure period>
0
# Samurai states: <position x> <position y> <hiding>
1 1 1
1 7 1
7 1 0
-1 -1 1
-1 -1 1
-1 -1 1
# Battle field states
 8 0 0 0 0 8 2 8 2 8 8 8 9 9 9
 8 0 8 8 8 8 2 8 2 8 8 8 8 9 9
 8 0 8 8 8 8 2 2 2 8 8 8 9 9 9
 8 0 8 8 8 8 8 8 8 8 8 9 9 9 9
 8 0 8 8 9 8 8 8 8 8 9 9 9 9 9
 1 8 8 8 8 9 8 8 8 9 9 9 9 9 9
 1 1 8 8 8 8 9 8 9 9 9 9 9 9 9
 8 1 1 8 8 8 8 9 9 9 9 9 9 9 9
 8 8 8 8 8 8 9 9 9 9 9 9 9 9 9
 8 8 8 8 8 9 9 9 9 9 9 9 9 9 9
 8 8 8 8 9 9 9 9 9 9 9 9 9 9 9
 8 8 8 9 9 9 9 9 9 9 9 9 9 9 9
 9 8 9 9 9 9 9 9 9 9 9 9 9 9 9
 9 9 9 9 9 9 9 9 9 9 9 9 9 9 9
 9 9 9 9 9 9 9 9 9 9 9 9 9 9 9
# Turn information for samurai of side 0 with weapon 1
# <turn>
20
# <cure period>
0
# Samurai states: <position x> <position y> <hiding>
2 1 0
2 7 0
7 2 0
-1 -1 1
-1 -1 1
-1 -1 1
# Battle field states
 8 0 0 0 0 8 2 8 2 8 8 9 9 9 9
 8 0 0 0 0 0 2 2 2 8 8 8 9 9 9
 8 0 8 8 8 8 2 2 2 8 8 8 8 9 9
 8 0 8 8 8 8 2 2 2 8 8 8 9 9 9
 8 0 8 8 8 8 8 8 8 8 8 9 9 9 9
 1 8 1 8 8 8 8 8 8 8 9 9 9 9 9
 1 1 1 1 8 8 8 8 8 9 9 9 9 9 9
 8 1 1 1 1 8 8 8 9 9 9 9 9 9 9
 8 8 8 8 8 8 5 9 9 9 9 9 9 9 9
 8 8 8 8 8 8 9 9 9 9 9 9 9 9 9
 8 8 8 8 8 9 9 9 9 9 9 9 9 9 9
 9 8 8 8 9 9 9 9 9 9 9 9 9 9 9
 9 9 8 9 9 9 9 9 9 9 9 9 9 9 9
 9 9 9 9 9 9 9 9 9 9 9 9 9 9 9
 9 9 9 9 9 9 9 9 9 9 9 9 9 9 9
# Turn information for samurai of side 0 with weapon 1
# <turn>
27
# <cure period>
0
# Samurai states: <position x> <position y> <hiding>
3 1 1
2 8 0
7 3 0
-1 -1 1
-1 -1 1
-1 -1 1
# Battle field states
 8 0 0 0 0 8 2 8 2 8 9 9 9 9 9
 8 0 0 0 0 0 2 2 2 8 8 9 9 9 9
 8 0 8 0 8 8 2 2 2 8 8 8 9 9 9
 8 0 8 0 8 8 2 2 2 8 8 8 8 9 9
 9 0 8 0 8 8 2 2 2 8 8 8 9 9 9
 1 8 1 0 8 8 8 8 8 4 8 9 9 9 9
 1 1 1 1 8 8 8 8 4 4 9 9 9 9 9
 8 1 1 1 1 8 8 4 4 9 9 9 9 9 9
 8 8 8 1 1 5 5 5 9 9 9 9 9 9 9
 8 8 1 1 8 5 5 9 9 9 9 9 9 9 9
 8 8 1 8 8 5 9 9 9 9 9 9 9 9 9
 8 8 8 8 8 9 9 9 9 9 9 9 9 9 9
 9 8 8 8 9 9 9 9 9 9 9 9 9 9 9
 9 9 8 9 9 9 9 9 9 9 9 9 9 9 9
 9 9 9 9 9 9 9 9 9 9 9 9 9 9 9
# Turn information for samurai of side 0 with weapon 1
# <turn>
32
# <cure period>
0
# Samurai states: <position x> <position y> <hiding>
4 1 0
1 8 0
7 4 0
-1 -1 1
9 7 0
6 6 0
# Battle field states
 8 0 0 0 0 8 2 8 2 9 9 9 9 9 9
 8 0 0 0 0 0 2 2 2 8 9 9 9 9 9
 8 0 8 0 0 8 2 2 2 8 8 9 9 9 9
 9 0 8 0 0 8 2 2 2 8 8 8 9 9 9
 8 0 8 0 0 8 2 2 2 8 8 8 8 9 9
 1 8 1 0 0 8 2 2 2 4 8 4 9 9 9
 1 1 1 1 8 8 8 8 4 4 4 9 9 9 9
 8 1 1 1 1 8 8 4 4 4 9 9 9 9 9
 1 8 8 1 1 5 5 5 5 9 9 9 9 9 9
 1 1 1 1 8 5 9 5 9 9 9 9 9 9 9
 8 1 1 8 8 9 9 9 9 9 9 9 9 9 9
 8 8 8 8 9 9 9 9 9 9 9 9 9 9 9
 8 8 8 9 9 9 9 9 9 9 9 9 9 9 9
 9 8 9 9 9 9 9 9 9 9 9 9 9 9 9
 9 9 9 9 9 9 9 9 9 9 9 9 9 9 9
# Turn information for samurai of side 0 with weapon 1
# <turn>
39
# <cure period>
0
# Samurai states: <position x> <position y> <hiding>
5 1 1
0 8 0
7 0 0
-1 -1 1
-1 -1 1
6 5 0
# Battle field states
 9 0 0 0 0 8 2 8 2 8 8 8 8 9 9
 8 0 0 0 0 0 2 2 2 8 8 8 9 9 9
 9 0 8 0 0 0 2 2 2 8 8 9 9 9 9
 8 9 8 0 0 0 2 2 2 8 9 9 9 9 9
 8 0 9 0 0 0 5 5 2 9 9 9 9 9 9
 1 8 1 9 0 0 2 5 9 9 9 9 9 9 9
 1 1 1 1 9 5 9 9 9 9 9 9 9 9 9
 8 1 1 1 1 9 9 9 9 9 9 9 9 9 9
 1 1 1 1 1 5 9 9 9 9 9 9 9 9 9
 1 1 1 1 8 9 9 9 9 9 9 9 9 9 9
 1 1 1 8 9 9 9 9 9 9 9 9 9 9 9
 8 8 8 9 9 9 9 9 9 9 9 9 9 9 9
 8 8 9 9 9 9 9 9 9 9 9 9 9 9 9
 8 9 9 9 9 9 9 9 9 9 9 9 9 9 9
 9 9 9 9 9 9 9 9 9 9 9 9 9 9 9
# Turn information for samurai of side 0 with weapon 1
# <turn>
44
# <cure period>
0
# Samurai states: <position x> <position y> <hiding>
6 1 0
3 8 1
7 0 0
-1 -1 1
-1 -1 1
8 4 0
# Battle field states
 9 9 0 0 0 8 2 8 2 8 8 8 8 9 9
 9 0 0 0 0 0 2 0 0 0 0 8 9 9 9
 9 9 8 0 0 0 2 2 2 8 8 9 9 9 9
 9 9 9 0 0 0 2 2 2 8 9 9 9 9 9
 9 9 8 0 0 0 5 5 2 9 9 9 9 9 9
 9 8 1 0 0 0 2 5 9 9 9 9 9 9 9
 1 1 1 1 8 5 8 9 9 9 9 9 9 9 9
 8 1 1 1 1 8 8 4 9 9 9 9 9 9 9
 1 1 1 1 1 5 5 5 5 9 9 9 9 9 9
 1 1 1 1 8 5 5 5 9 9 9 9 9 9 9
 1 1 1 8 8 5 5 9 9 9 9 9 9 9 9
 9 8 8 8 8 8 9 9 9 9 9 9 9 9 9
 9 9 8 8 8 9 9 9 9 9 9 9 9 9 9
 9 9 9 8 9 9 9 9 9 9 9 9 9 9 9
 9 9 9 9 9 9 9 9 9 9 9 9 9 9 9
# Turn information for samurai of side 0 with weapon 1
# <turn>
51
# <cure period>
0
# Samurai states: <position x> <position y> <hiding>
7 1 0
4 8 0
7 0 0
-1 -1 1
-1 -1 1
-1 -1 1
# Battle field states
 9 9 0 0 0 8 2 8 2 8 8 8 8 9 9
 9 9 0 0 0 0 2 0 0 0 0 8 8 9 9
 9 9 9 0 0 0 2 0 2 8 8 8 9 9 9
 9 9 9 9 0 0 2 0 5 5 8 9 9 9 9
 9 9 9 0 0 0 5 0 4 5 9 9 9 9 9
 9 9 1 0 0 0 2 4 4 9 9 9 9 9 9
 9 1 1 1 8 5 4 4 9 9 9 9 9 9 9
 8 1 1 1 1 8 4 4 4 9 9 9 9 9 9
 1 1 1 1 1 1 1 5 5 4 9 9 9 9 9
 1 1 1 1 1 1 5 5 5 9 9 9 9 9 9
 9 1 1 8 1 5 5 5 9 9 9 9 9 9 9
 9 9 8 8 8 8 8 9 9 9 9 9 9 9 9
 9 9 9 8 8 8 9 9 9 9 9 9 9 9 9
 9 9 9 9 8 9 9 9 9 9 9 9 9 9 9
 9 9 9 9 9 9 9 9 9 9 9 9 9 9 9
# Turn information for samurai of side 0 with weapon 1
# <turn>
56
# <cure period>
0
# Samurai states: <position x> <position y> <hiding>
6 1 0
5 8 1
7 0 0
-1 -1 1
-1 -1 1
9 3 0
# Battle field states
 9 9 0 0 0 8 2 8 2 8 8 8 8 9 9
 9 0 0 0 0 0 2 0 0 0 0 8 9 9 9
 9 9 8 0 0 0 0 0 5 5 5 9 9 9 9
 9 9 9 0 0 0 0 0 5 5 9 9 9 9 9
 9 9 9 9 0 0 0 0 5 9 9 9 9 9 9
 9 9 9 0 0 0 0 4 9 9 9 9 9 9 9
 9 9 1 1 8 1 4 4 4 9 9 9 9 9 9
 9 1 1 1 1 1 1 4 4 4 9 9 9 9 9
 1 1 1 1 1 1 1 1 5 4 4 9 9 9 9
 9 1 1 1 1 1 5 5 5 8 9 9 9 9 9
 9 9 1 8 1 5 5 5 5 9 9 9 9 9 9
 9 9 9 8 8 8 8 8 9 9 9 9 9 9 9
 9 9 9 9 8 8 5 9 9 9 9 9 9 9 9
 9 9 9 9 9 8 9 9 9 9 9 9 9 9 9
 9 9 9 9 9 9 9 9 9 9 9 9 9 9 9
# Turn information for samurai of side 0 with weapon 1
# <turn>
63
# <cure period>
0
# Samurai states: <position x> <position y> <hiding>
6 2 1
5 9 0
7 1 0
7 7 0
-1 -1 1
-1 -1 1
# Battle field states
 9 9 9 0 0 8 2 8 2 8 8 8 9 9 9
 9 9 0 0 0 0 2 0 2 0 0 8 8 9 9
 9 0 8 0 0 0 2 0 0 0 0 5 9 9 9
 9 9 8 0 0 0 0 0 5 5 5 9 9 9 9
 9 9 9 0 0 0 0 4 5 5 9 9 9 9 9
 9 9 9 9 0 0 4 4 4 9 9 9 9 9 9
 9 9 9 1 8 4 4 4 9 9 9 9 9 9 9
 9 9 1 3 3 3 3 4 4 9 9 9 9 9 9
 9 1 1 1 1 1 1 1 5 4 9 9 9 9 9
 1 1 1 1 1 1 1 1 5 8 4 9 9 9 9
 9 1 1 8 1 1 1 5 5 3 9 9 9 9 9
 9 9 8 8 8 1 8 8 8 9 9 9 9 9 9
 9 9 9 8 8 8 5 5 9 9 9 9 9 9 9
 9 9 9 9 8 8 5 9 9 9 9 9 9 9 9
 9 9 9 9 9 8 9 9 9 9 9 9 9 9 9
# Turn information for samurai of side 0 with weapon 1
# <turn>
68
# <cure period>
0
# Samurai states: <position x> <position y> <hiding>
6 3 0
5 10 0
8 1 1
-1 -1 1
-1 -1 1
-1 -1 1
# Battle field states
 9 9 9 9 0 8 2 8 2 2 8 8 8 9 9
 9 9 9 0 0 0 2 2 2 2 0 8 8 8 9
 9 9 8 0 0 0 2 2 2 2 0 5 8 9 9
 9 0 8 0 0 0 0 0 5 5 5 5 9 9 9
 9 9 8 0 0 0 0 4 5 5 5 9 9 9 9
 9 9 9 0 0 0 0 4 4 5 9 9 9 9 9
 9 9 9 9 8 4 0 4 4 9 9 9 9 9 9
 9 9 9 3 3 3 0 4 9 9 9 9 9 9 9
 9 9 1 1 1 1 1 1 5 9 9 9 9 9 9
 9 1 1 1 1 1 1 1 5 8 9 9 9 9 9
 1 1 1 8 1 1 1 1 5 3 3 9 9 9 9
 9 8 8 8 8 1 1 8 8 3 9 9 9 9 9
 9 9 8 8 8 1 5 5 5 9 9 9 9 9 9
 9 9 9 8 8 8 5 8 9 9 9 9 9 9 9
 9 9 9 9 8 8 5 9 9 9 9 9 9 9 9
# Turn information for samurai of side 0 with weapon 1
# <turn>
75
# <cure period>
18
# Samurai states: <position x> <position y> <hiding>
0 0 0
0 7 0
7 0 0
-1 -1 1
-1 -1 1
-1 -1 1
# Battle field states
 8 0 0 0 0 8 2 8 2 2 8 8 8 9 9
 8 0 0 0 0 0 2 2 4 2 0 8 9 9 9
 8 0 8 0 0 0 2 4 4 2 0 9 9 9 9
 8 0 8 9 9 0 4 4 5 5 9 9 9 9 9
 8 0 8 9 9 9 0 4 5 9 9 9 9 9 9
 1 8 1 0 9 9 9 4 9 9 9 9 9 9 9
 1 1 1 1 8 9 9 9 9 9 9 9 9 9 9
 8 1 1 3 3 3 9 9 9 9 9 9 9 9 9
 1 1 1 1 1 9 9 9 9 9 9 9 9 9 9
 1 1 1 1 9 9 9 9 9 9 9 9 9 9 9
 1 1 1 9 9 9 9 9 9 9 9 9 9 9 9
 8 8 9 9 9 9 9 9 9 9 9 9 9 9 9
 8 9 9 9 9 9 9 9 9 9 9 9 9 9 9
 9 9 9 9 9 9 9 9 9 9 9 9 9 9 9
 9 9 9 9 9 9 9 9 9 9 9 9 9 9 9
# Turn information for samurai of side 0 with weapon 1
# <turn>
80
# <cure period>
13
# Samurai states: <position x> <position y> <hiding>
0 0 0
0 7 0
7 0 0
-1 -1 1
-1 -1 1
8 3 0
# Battle field states
 8 0 0 0 0 8 2 8 2 2 8 8 8 9 9
 8 0 0 0 0 0 2 2 4 2 0 8 9 9 9
 8 0 8 0 0 0 2 4 4 2 0 9 9 9 9
 8 0 8 9 9 0 4 4 5 5 9 9 9 9 9
 8 0 8 9 9 9 0 4 5 9 9 9 9 9 9
 1 8 1 0 9 9 9 4 9 9 9 9 9 9 9
 1 1 1 1 8 9 9 9 9 9 9 9 9 9 9
 8 1 1 3 3 3 9 9 9 9 9 9 9 9 9
 1 1 1 1 1 9 9 9 9 9 9 9 9 9 9
 1 1 1 1 9 9 9 9 9 9 9 9 9 9 9
 1 1 1 9 9 9 9 9 9 9 9 9 9 9 9
 8 8 9 9 9 9 9 9 9 9 9 9 9 9 9
 8 9 9 9 9 9 9 9 9 9 9 9 9 9 9
 9 9 9 9 9 9 9 9 9 9 9 9 9 9 9
 9 9 9 9 9 9 9 9 9 9 9 9 9 9 9
# Turn information for samurai of side 0 with weapon 1
# <turn>
87
# <cure period>
6
# Samurai states: <position x> <position y> <hiding>
0 0 0
0 7 0
7 0 0
-1 -1 1
-1 -1 1
-1 -1 1
# Battle field states
 8 0 0 0 0 8 2 8 2 2 8 8 8 9 9
 8 0 0 0 0 0 2 2 4 2 0 8 9 9 9
 8 0 8 0 0 0 2 4 4 2 0 9 9 9 9
 8 0 8 9 9 0 4 4 5 5 9 9 9 9 9
 8 0 8 9 9 9 0 4 5 9 9 9 9 9 9
 1 8 1 0 9 9 9 4 9 9 9 9 9 9 9
 1 1 1 1 8 9 9 9 9 9 9 9 9 9 9
 8 1 1 3 3 3 9 9 9 9 9 9 9 9 9
 1 1 1 1 1 9 9 9 9 9 9 9 9 9 9
 1 1 1 1 9 9 9 9 9 9 9 9 9 9 9
 1 1 1 9 9 9 9 9 9 9 9 9 9 9 9
 8 8 9 9 9 9 9 9 9 9 9 9 9 9 9
 8 9 9 9 9 9 9 9 9 9 9 9 9 9 9
 9 9 9 9 9 9 9 9 9 9 9 9 9 9 9
 9 9 9 9 9 9 9 9 9 9 9 9 9 9 9
# Turn information for samurai of side 0 with weapon 1
# <turn>
92
# <cure period>
1
# Samurai states: <position x> <position y> <hiding>
0 1 1
0 7 0
7 0 0
-1 -1 1
-1 -1 1
-1 -1 1
# Battle field states
 8 0 0 0 0 8 2 8 2 2 8 8 8 9 9
 0 0 0 0 0 0 2 2 4 2 0 8 9 9 9
 0 0 8 0 0 0 2 4 4 2 0 9 9 9 9
 0 0 8 0 9 0 4 4 5 5 9 9 9 9 9
 0 0 8 9 9 9 0 4 5 9 9 9 9 9 9
 1 8 1 0 9 9 9 4 9 9 9 9 9 9 9
 1 1 1 1 8 9 9 9 9 9 9 9 9 9 9
 8 1 1 3 3 3 9 9 9 9 9 9 9 9 9
 1 1 1 1 1 9 9 9 9 9 9 9 9 9 9
 1 1 1 1 9 9 9 9 9 9 9 9 9 9 9
 1 1 1 9 9 9 9 9 9 9 9 9 9 9 9
 8 8 9 9 9 9 9 9 9 9 9 9 9 9 9
 8 9 9 9 9 9 9 9 9 9 9 9 9 9 9
 9 9 9 9 9 9 9 9 9 9 9 9 9 9 9
 9 9 9 9 9 9 9 9 9 9 9 9 9 9 9
