# <# turns> <side> <weapon> <width> <height> <cure period>
96 0 0 15 15 20
# Home positions
0 0
0 7
7 0
14 14
14 7
7 14
# Ranks and scores of samurai
0 0
0 0
0 0
0 0
0 0
0 0
# Turn information for samurai of side 0 with weapon 0
# <turn>
0
# <cure period>
0
# Samurai states: <position x> <position y> <hiding>
0 0 0
0 7 0
7 0 0
-1 -1 1
-1 -1 1
-1 -1 1
# Battle field states
 8 8 8 8 8 8 8 8 8 8 8 8 8 9 9
 8 8 8 8 8 8 8 8 8 8 8 8 9 9 9
 8 8 8 8 8 8 8 8 8 8 8 9 9 9 9
 8 8 8 9 9 8 8 8 8 8 9 9 9 9 9
 8 8 8 9 9 9 8 8 8 9 9 9 9 9 9
 8 8 8 8 9 9 9 8 9 9 9 9 9 9 9
 8 8 8 8 8 9 9 9 9 9 9 9 9 9 9
 8 8 8 8 8 8 9 9 9 9 9 9 9 9 9
 8 8 8 8 8 9 9 9 9 9 9 9 9 9 9
 8 8 8 8 9 9 9 9 9 9 9 9 9 9 9
 8 8 8 9 9 9 9 9 9 9 9 9 9 9 9
 8 8 9 9 9 9 9 9 9 9 9 9 9 9 9
 8 9 9 9 9 9 9 9 9 9 9 9 9 9 9
 9 9 9 9 9 9 9 9 9 9 9 9 9 9 9
 9 9 9 9 9 9 9 9 9 9 9 9 9 9 9
# Turn information for samurai of side 0 with weapon 0
# <turn>
7
# <cure period>
0
# Samurai states: <position x> <position y> <hiding>
1 0 0
1 7 0
7 1 0
-1 -1 1
-1 -1 1
-1 -1 1
# Battle field states
 8 8 0 0 0 0 2 8 2 8 8 8 9 9 9
 8 8 8 8 8 8 2 8 2 8 8 8 8 9 9
 8 8 8 8 8 8 2 2 2 8 8 8 9 9 9
 8 8 8 8 8 8 8 8 8 8 8 9 9 9 9
 8 8 8 8 9 8 8 8 8 8 9 9 9 9 9
 8 1 8 8 8 9 8 8 8 9 9 9 9 9 9
 8 1 1 8 8 8 9 8 9 9 9 9 9 9 9
 8 8 1 1 8 8 8 9 9 9 9 9 9 9 9
 8 8 8 8 8 8 9 9 9 9 9 9 9 9 9
 8 8 8 8 8 9 9 9 9 9 9 9 9 9 9
 8 8 8 8 9 9 9 9 9 9 9 9 9 9 9
 8 8 8 9 9 9 9 9 9 9 9 9 9 9 9
 9 8 9 9 9 9 9 9 9 9 9 9 9 9 9
 9 9 9 9 9 9 9 9 9 9 9 9 9 9 9
 9 9 9 9 9 9 9 9 9 9 9 9 9 9 9
# Turn information for samurai of side 0 with weapon 0
# <turn>
12
# <cure period>
0
# Samurai states: <position x> <position y> <hiding>
1 1 0
1 8 0
7 4 0
-1 -1 1
-1 -1 1
-1 -1 1
# Battle field states
 8 8 0 0 0 0 2 8 2 9 9 9 9 9 9
 8 8 0 0 0 0 2 8 2 8 9 9 9 9 9
 8 8 8 8 8 8 2 2 2 8 8 9 9 9 9
 8 8 8 8 8 8 8 8 8 8 8 8 9 9 9
 8 8 8 8 8 8 8 8 8 8 8 8 8 9 9
 8 1 8 8 8 8 8 8 8 8 8 8 9 9 9
 8 1 1 8 8 8 8 8 8 8 8 9 9 9 9
 8 8 1 1 8 8 8 8 8 8 9 9 9 9 9
 8 8 1 1 8 8 8 8 8 9 9 9 9 9 9
 8 1 1 8 8 8 9 8 9 9 9 9 9 9 9
 8 1 8 8 8 9 9 9 9 9 9 9 9 9 9
 8 8 8 8 9 9 9 9 9 9 9 9 9 9 9
 8 8 8 9 9 9 9 9 9 9 9 9 9 9 9
 9 8 9 9 9 9 9 9 9 9 9 9 9 9 9
 9 9 9 9 9 9 9 9 9 9 9 9 9 9 9
# Turn information for samurai of side 0 with weapon 0
# <turn>
19
# <cure period>
0
# Samurai states: <position x> <position y> <hiding>
1 2 0
2 8 1
7 5 0
-1 -1 1
-1 -1 1
-1 -1 1
# Battle field states
 8 8 0 0 0 9 9 8 9 9 9 9 9 9 9
 8 8 0 0 0 0 2 8 2 9 9 9 9 9 9
 8 8 0 0 0 0 2 2 2 8 9 9 9 9 9
 8 8 8 8 8 8 8 8 8 8 8 9 9 9 9
 8 8 8 8 8 8 2 2 2 8 8 8 9 9 9
 8 1 8 8 8 8 8 8 2 8 8 8 4 9 9
 8 1 1 8 8 8 2 2 2 8 8 4 9 9 9
 8 8 1 1 8 8 8 8 8 8 4 9 9 9 9
 1 1 1 1 8 8 8 8 8 8 9 9 9 9 9
 8 1 1 8 8 8 8 8 8 9 9 9 9 9 9
 8 1 1 8 8 8 9 8 9 9 9 9 9 9 9
 8 8 8 8 8 9 9 9 9 9 9 9 9 9 9
 9 8 8 8 9 9 9 9 9 9 9 9 9 9 9
 9 9 8 9 9 9 9 9 9 9 9 9 9 9 9
 9 9 9 9 9 9 9 9 9 9 9 9 9 9 9
# Turn information for samurai of side 0 with weapon 0
# <turn>
24
# <cure period>
0
# Samurai states: <position x> <position y> <hiding>
1 3 0
3 8 0
7 6 1
-1 -1 1
11 7 0
-1 -1 1
# Battle field states
 8 8 0 0 9 9 9 9 9 9 9 9 9 9 9
 8 8 0 0 0 9 9 8 9 9 9 9 9 9 9
 8 8 0 0 0 0 2 2 2 9 9 9 9 9 9
 8 8 0 0 0 0 8 8 8 8 9 9 9 9 9
 8 8 8 8 8 8 2 2 2 8 8 9 9 9 9
 8 1 8 8 8 8 2 2 2 8 8 8 9 9 9
 8 1 1 8 8 8 2 2 2 8 8 4 4 9 9
 8 8 1 1 8 8 2 2 2 4 4 4 9 9 9
 1 1 1 1 1 1 8 8 8 8 4 9 9 9 9
 8 1 1 1 1 8 8 8 8 8 9 9 9 9 9
 8 1 1 1 8 8 8 8 8 9 9 9 9 9 9
 9 8 8 8 8 8 9 5 9 9 9 9 9 9 9
 9 9 8 8 8 9 9 9 9 9 9 9 9 9 9
 9 9 9 8 9 9 9 9 9 9 9 9 9 9 9
 9 9 9 9 9 9 9 9 9 9 9 9 9 9 9
# Turn information for samurai of side 0 with weapon 0
# <turn>
31
# <cure period>
0
# Samurai states: <position x> <position y> <hiding>
1 4 0
4 8 1
8 5 1
-1 -1 1
-1 -1 1
-1 -1 1
# Battle field states
 8 0 0 9 9 9 9 9 2 9 9 9 9 9 9
 8 0 0 0 9 9 9 8 2 8 9 9 9 9 9
 8 0 0 0 0 9 2 2 2 8 8 9 9 9 9
 8 0 0 0 0 0 8 8 8 8 8 8 9 9 9
 8 8 8 8 8 8 2 2 2 8 8 4 8 9 9
 8 1 8 8 8 8 2 2 2 8 4 4 4 8 9
 8 1 1 8 1 8 2 2 2 4 4 4 4 9 9
 8 8 1 1 1 1 2 2 2 4 4 4 9 9 9
 1 1 1 1 1 1 1 8 8 8 4 9 9 9 9
 8 1 1 1 1 8 8 8 8 8 9 9 9 9 9
 9 1 1 1 8 8 8 5 5 9 9 9 9 9 9
 9 9 8 8 8 8 5 9 9 9 9 9 9 9 9
 9 9 9 8 8 8 9 9 9 9 9 9 9 9 9
 9 9 9 9 8 9 9 9 9 9 9 9 9 9 9
 9 9 9 9 9 9 9 9 9 9 9 9 9 9 9
# Turn information for samurai of side 0 with weapon 0
# <turn>
36
# <cure period>
0
# Samurai states: <position x> <position y> <hiding>
1 5 1
5 8 0
9 5 0
-1 -1 1
12 6 0
8 10 0
# Battle field states
 9 0 9 9 9 9 9 9 9 8 9 9 9 9 9
 8 0 0 9 9 9 9 9 2 8 8 9 9 9 9
 8 0 0 0 9 9 9 2 2 8 8 8 9 9 9
 8 0 0 0 0 0 8 8 8 8 8 8 8 9 9
 8 8 8 8 8 8 2 2 2 2 2 4 4 8 9
 8 1 0 0 0 0 2 2 2 8 2 4 4 4 8
 8 1 1 8 1 8 2 2 2 2 2 4 4 4 9
 8 8 1 1 1 1 2 2 2 4 4 4 4 9 9
 1 1 1 1 1 1 1 1 8 8 4 4 9 9 9
 8 1 1 1 1 1 1 5 5 5 3 9 9 9 9
 9 1 1 1 8 1 8 5 5 5 9 9 9 9 9
 9 9 9 8 8 8 5 5 9 9 9 9 9 9 9
 9 9 9 9 8 8 5 9 9 9 9 9 9 9 9
 9 9 9 9 9 8 9 9 9 9 9 9 9 9 9
 9 9 9 9 9 9 9 9 9 9 9 9 9 9 9
# Turn information for samurai of side 0 with weapon 0
# <turn>
43
# <cure period>
0
# Samurai states: <position x> <position y> <hiding>
1 4 0
6 8 1
8 4 1
-1 -1 1
-1 -1 1
-1 -1 1
# Battle field states
 8 0 0 9 9 9 9 8 2 8 9 9 9 9 9
 8 0 0 0 9 9 2 8 2 8 8 9 9 9 9
 8 0 0 0 0 0 2 2 2 8 8 8 9 9 9
 8 0 0 0 0 0 8 8 8 8 8 8 4 9 9
 8 8 0 0 0 0 2 2 2 2 2 4 4 4 9
 8 1 0 0 0 0 2 2 2 8 2 4 4 9 9
 8 1 1 8 1 8 2 2 2 2 2 4 9 9 9
 8 8 1 1 1 1 2 2 2 4 4 9 9 9 9
 1 1 1 1 1 1 1 1 1 8 4 4 9 9 9
 9 1 1 1 1 1 1 5 5 5 3 9 9 9 9
 9 9 9 1 8 1 1 5 5 5 9 9 9 9 9
 9 9 9 9 8 8 5 5 5 9 9 9 9 9 9
 9 9 9 9 9 8 5 5 9 9 9 9 9 9 9
 9 9 9 9 9 9 5 9 9 9 9 9 9 9 9
 9 9 9 9 9 9 9 9 9 9 9 9 9 9 9
# Turn information for samurai of side 0 with weapon 0
# <turn>
48
# <cure period>
0
# Samurai states: <position x> <position y> <hiding>
1 7 0
5 8 1
8 4 1
-1 -1 1
11 5 0
9 9 0
# Battle field states
 9 9 9 9 9 9 9 8 2 8 9 9 9 9 9
 9 9 9 9 9 9 2 8 2 8 8 9 9 9 9
 9 0 9 9 9 0 2 2 2 8 8 8 9 9 9
 8 0 0 9 0 0 8 2 2 2 8 4 4 9 9
 8 8 0 0 0 0 2 2 2 2 4 4 4 4 9
 8 1 0 0 0 0 2 2 2 2 4 4 4 9 9
 8 1 1 8 1 8 2 2 2 2 2 4 9 9 9
 8 8 1 1 1 1 2 2 2 4 4 9 9 9 9
 1 1 1 1 1 1 1 1 5 5 5 9 9 9 9
 8 1 1 1 1 1 1 5 5 5 9 9 9 9 9
 8 1 1 1 8 1 1 5 5 9 9 9 9 9 9
 8 8 8 8 8 8 5 5 9 9 9 9 9 9 9
 9 8 9 9 8 8 5 9 9 9 9 9 9 9 9
 9 9 9 9 9 8 9 9 9 9 9 9 9 9 9
 9 9 9 9 9 9 9 9 9 9 9 9 9 9 9
# Turn information for samurai of side 0 with weapon 0
# <turn>
55
# <cure period>
0
# Samurai states: <position x> <position y> <hiding>
4 7 1
6 8 0
9 4 0
-1 -1 1
-1 -1 1
-1 -1 1
# Battle field states
 9 9 9 9 9 9 9 9 2 8 8 9 9 9 9
 9 9 9 9 9 9 9 8 2 8 8 8 9 9 9
 9 9 9 9 0 9 2 2 2 8 8 8 8 9 9
 9 9 9 0 0 0 8 2 2 2 2 4 4 8 9
 9 9 0 0 0 0 2 2 2 2 2 4 4 4 8
 9 1 0 0 0 0 2 2 2 2 2 4 4 4 9
 8 1 1 8 1 8 2 2 2 4 4 4 4 9 9
 8 8 1 1 1 1 2 2 2 4 4 4 9 9 9
 1 1 1 1 1 1 1 1 5 5 5 4 9 9 9
 9 1 1 1 1 1 1 1 5 5 5 9 9 9 9
 9 9 1 1 8 1 1 5 5 5 9 9 9 9 9
 9 9 9 8 8 8 5 5 5 9 9 9 9 9 9
 9 9 9 9 8 8 5 5 9 9 9 9 9 9 9
 9 9 9 9 9 9 5 9 9 9 9 9 9 9 9
 9 9 9 9 9 9 9 9 9 9 9 9 9 9 9
# Turn information for samurai of side 0 with weapon 0
# <turn>
60
# <cure period>
0
# Samurai states: <position x> <position y> <hiding>
5 7 0
5 10 1
9 3 1
-1 -1 1
-1 -1 1
8 9 0
# Battle field states
 9 9 9 9 9 9 9 8 2 8 8 8 9 9 9
 9 9 9 9 9 9 2 8 2 8 8 8 8 9 9
 9 9 9 9 9 0 2 2 2 8 8 8 8 8 9
 9 9 9 9 0 0 8 2 2 2 2 4 4 8 8
 9 9 9 0 0 0 2 2 2 2 2 4 4 4 9
 9 9 0 0 0 0 2 2 2 2 2 4 4 9 9
 9 1 1 8 1 8 2 2 2 4 4 4 9 9 9
 8 8 1 1 1 1 2 2 2 4 4 9 9 9 9
 9 1 1 1 0 1 1 5 5 5 9 9 9 9 9
 9 1 1 1 0 1 1 5 5 5 9 9 9 9 9
 8 1 1 1 0 1 1 5 5 5 5 9 9 9 9
 9 8 8 8 0 8 5 5 5 5 9 9 9 9 9
 9 9 8 8 8 8 5 5 5 9 9 9 9 9 9
 9 9 9 8 8 8 5 5 9 9 9 9 9 9 9
 9 9 9 9 8 8 5 9 9 9 9 9 9 9 9
# Turn information for samurai of side 0 with weapon 0
# <turn>
67
# <cure period>
0
# Samurai states: <position x> <position y> <hiding>
6 7 1
5 11 0
9 2 0
10 11 0
-1 -1 1
8 10 0
# Battle field states
 9 9 9 9 9 9 2 8 2 8 8 8 8 9 9
 9 9 9 9 9 0 2 8 2 2 2 8 8 8 9
 9 9 9 9 0 0 2 2 2 8 2 8 8 8 8
 9 9 9 9 9 0 8 2 2 2 2 4 4 8 9
 9 9 9 9 0 0 2 2 2 2 2 4 4 9 9
 9 9 9 0 0 0 2 2 2 2 2 4 9 9 9
 9 9 1 8 1 8 2 2 2 4 4 9 9 9 9
 9 8 1 1 1 1 2 0 0 0 3 4 9 9 9
 9 9 1 1 0 1 1 5 5 5 3 9 9 9 9
 9 9 1 1 0 1 1 5 5 5 9 9 9 9 9
 9 1 1 1 0 1 1 5 5 5 9 9 9 9 9
 8 8 8 8 0 8 1 5 5 5 3 9 9 9 9
 9 8 8 8 8 1 1 5 5 5 9 9 9 9 9
 9 9 8 8 8 1 5 5 5 9 9 9 9 9 9
 9 9 9 8 8 8 5 8 9 9 9 9 9 9 9
# Turn information for samurai of side 0 with weapon 0
# <turn>
72
# <cure period>
0
# Samurai states: <position x> <position y> <hiding>
7 7 0
5 12 1
12 2 0
-1 -1 1
-1 -1 1
-1 -1 1
# Battle field states
 9 9 9 9 9 9 9 9 9 8 8 8 8 8 8
 9 9 9 9 9 9 9 9 2 2 2 8 8 8 8
 9 9 9 9 9 9 9 2 2 8 2 8 8 8 8
 9 9 9 9 9 9 8 2 2 2 2 4 4 8 8
 9 9 9 9 9 0 2 2 2 2 2 4 4 4 8
 9 9 9 9 0 0 2 2 2 2 2 4 4 4 4
 9 9 9 8 1 8 2 2 2 4 4 4 4 4 9
 9 9 1 1 1 1 2 0 0 0 3 4 4 9 9
 9 9 9 1 0 1 1 0 5 5 3 4 9 9 9
 9 9 9 1 0 1 1 5 5 5 3 9 9 9 9
 9 9 1 1 0 1 1 5 5 5 9 9 9 9 9
 9 8 8 8 0 8 1 5 5 5 9 9 9 9 9
 8 8 8 8 8 1 1 1 5 5 3 9 9 9 9
 9 8 8 8 8 1 1 5 5 5 9 9 9 9 9
 9 9 8 8 8 1 5 8 3 9 9 9 9 9 9
# Turn information for samurai of side 0 with weapon 0
# <turn>
79
# <cure period>
0
# Samurai states: <position x> <position y> <hiding>
7 6 1
5 13 0
12 3 0
9 12 0
-1 -1 1
9 9 0
# Battle field states
 9 9 9 9 9 9 9 9 9 9 8 8 8 8 8
 9 9 9 9 9 9 9 8 9 2 2 8 8 8 8
 9 9 9 9 9 9 2 2 2 8 2 2 2 2 8
 9 9 9 9 9 0 8 2 2 2 2 2 4 8 8
 9 9 9 9 0 0 2 2 2 2 2 2 2 2 8
 9 9 9 0 0 0 2 2 2 2 2 4 4 4 4
 9 9 1 8 1 8 2 2 0 0 0 0 4 4 4
 9 9 9 1 1 1 2 0 0 0 3 4 4 4 9
 9 9 9 9 0 1 1 0 5 5 3 9 4 9 9
 9 9 9 9 0 1 1 5 5 5 9 9 9 9 9
 9 9 9 1 0 1 1 5 5 9 9 9 9 9 9
 9 9 8 8 0 1 3 3 5 9 9 9 9 9 9
 9 8 8 8 1 3 3 3 3 5 9 9 9 9 9
 8 8 8 1 1 1 1 5 5 5 3 9 9 9 9
 9 8 8 8 8 1 5 8 3 3 9 9 9 9 9
# Turn information for samurai of side 0 with weapon 0
# <turn>
84
# <cure period>
0
# Samurai states: <position x> <position y> <hiding>
7 7 0
5 14 1
12 4 1
-1 -1 1
12 8 0
10 9 0
# Battle field states
 9 9 9 9 9 9 9 9 9 9 9 8 8 8 9
 9 9 9 9 9 9 9 9 9 9 2 8 8 8 8
 9 9 9 9 9 9 9 2 9 8 2 2 2 2 8
 9 9 9 9 9 9 8 2 2 2 2 2 2 2 8
 9 9 9 9 9 0 2 2 2 2 2 2 2 2 8
 9 9 9 9 0 0 2 2 2 2 2 2 2 2 4
 9 9 9 8 1 8 2 2 0 0 0 0 4 4 4
 9 9 1 1 1 1 2 0 0 0 3 4 4 4 8
 9 9 9 1 0 1 1 0 5 5 5 5 4 4 9
 9 9 9 9 0 1 1 0 5 5 5 9 3 9 9
 9 9 9 9 0 1 1 0 5 5 9 9 9 9 9
 9 9 9 8 0 1 3 0 5 9 9 9 9 9 9
 9 9 8 8 1 1 1 3 3 9 9 9 9 9 9
 9 8 8 1 1 1 1 1 5 5 9 9 9 9 9
 8 8 8 8 8 1 5 8 3 3 3 9 9 9 9
# Turn information for samurai of side 0 with weapon 0
# <turn>
91
# <cure period>
0
# Samurai states: <position x> <position y> <hiding>
7 8 1
4 14 0
13 4 0
-1 -1 1
-1 -1 1
10 10 0
# Battle field states
 9 9 9 9 9 9 9 9 9 9 9 9 8 8 8
 9 9 9 9 9 9 9 9 9 9 9 8 8 8 8
 9 9 9 9 9 9 9 9 9 9 2 2 2 2 8
 9 9 9 9 9 9 9 2 9 2 2 2 2 2 2
 9 9 9 9 9 9 2 2 2 2 2 2 2 2 2
 9 9 9 9 9 0 2 2 2 2 2 2 2 2 2
 9 9 9 9 1 8 2 2 0 0 0 0 4 4 4
 9 9 9 1 1 1 2 0 0 0 3 4 4 4 8
 9 9 1 1 0 1 1 0 0 5 5 5 4 4 4
 9 9 9 1 0 1 1 0 5 5 5 5 9 4 9
 9 9 9 1 0 1 1 0 5 5 5 9 9 9 9
 9 9 8 8 0 1 3 0 5 5 9 9 9 9 9
 9 8 8 8 1 1 1 3 3 9 9 9 9 9 9
 8 8 8 1 3 3 3 3 3 9 9 9 9 9 9
 8 8 8 8 8 1 1 8 3 3 9 9 9 9 9
