# <# turns> <side> <weapon> <width> <height> <cure period>
96 1 1 15 15 20
# Home positions
14 14
14 7
7 14
0 0
0 7
7 0
# Ranks and scores of samurai
0 0
0 0
0 0
0 0
0 0
0 0
# Turn information for samurai of side 1 with weapon 1
# <turn>
2
# <cure period>
0
# Samurai states: <position x> <position y> <hiding>
13 14 0
14 7 0
7 14 0
-1 -1 1
-1 -1 1
-1 -1 1
# Battle field states
 9 9 9 9 9 9 9 9 9 9 9 9 9 9 9
 9 9 9 9 9 9 9 9 9 9 9 9 9 9 9
 9 9 9 9 9 9 9 9 9 9 9 9 9 9 8
 9 9 9 9 9 9 9 9 9 9 9 9 9 8 8
 9 9 9 9 9 9 9 9 9 9 9 9 8 8 8
 9 9 9 9 9 9 9 9 9 9 9 8 8 8 8
 9 9 9 9 9 9 9 9 9 9 8 8 8 8 8
 9 9 9 9 9 9 9 9 9 8 8 8 8 8 8
 9 9 9 9 9 9 9 9 9 9 8 8 8 8 8
 9 9 9 9 9 9 9 8 9 9 9 8 8 8 8
 9 9 9 9 9 9 8 8 8 9 9 9 8 8 0
 9 9 9 9 9 8 8 8 8 8 9 8 8 8 0
 9 9 9 9 8 8 8 8 8 8 8 8 8 8 0
 9 9 9 8 8 8 8 8 8 8 8 8 8 8 0
 9 9 8 8 8 8 8 8 8 8 8 8 8 8 8
# Turn information for samurai of side 1 with weapon 1
# <turn>
9
# <cure period>
0
# Samurai states: <position x> <position y> <hiding>
13 13 0
13 7 0
7 13 0
-1 -1 1
-1 -1 1
-1 -1 1
# Battle field states
 9 9 9 9 9 9 9 9 9 9 9 9 9 9 9
 9 9 9 9 9 9 9 9 9 9 9 9 9 9 9
 9 9 9 9 9 9 9 9 9 9 9 9 9 8 9
 9 9 9 9 9 9 9 9 9 9 9 9 8 8 8
 9 9 9 9 9 9 9 9 9 9 9 8 8 8 8
 9 9 9 9 9 9 9 9 9 9 8 8 8 1 8
 9 9 9 9 9 9 9 9 9 8 8 8 1 1 8
 9 9 9 9 9 9 9 9 8 8 8 1 1 8 8
 9 9 9 9 9 9 9 8 9 8 8 8 8 8 8
 9 9 9 9 9 9 8 8 8 9 8 8 8 8 8
 9 9 9 9 9 8 8 8 8 8 9 8 8 8 0
 9 9 9 9 8 8 8 8 8 8 8 8 8 8 0
 9 9 9 8 8 8 2 2 2 8 8 8 8 8 0
 9 9 8 8 8 8 2 8 2 8 8 8 8 8 0
 9 9 9 8 8 8 2 8 2 0 0 0 0 8 8
# Turn information for samurai of side 1 with weapon 1
# <turn>
14
# <cure period>
0
# Samurai states: <position x> <position y> <hiding>
13 12 0
12 7 1
7 10 0
-1 -1 1
-1 -1 1
-1 -1 1
# Battle field states
 9 9 9 9 9 9 9 9 9 9 9 9 9 9 9
 9 9 9 9 9 9 9 9 9 9 9 9 9 9 9
 9 9 9 9 9 9 9 9 9 9 9 9 8 9 9
 9 9 9 9 9 9 9 9 9 9 9 8 8 8 9
 9 9 9 9 9 9 9 9 9 9 8 8 8 8 8
 9 9 9 9 9 9 9 8 9 8 8 8 8 1 8
 9 9 9 9 9 9 8 8 8 8 8 8 1 1 8
 9 9 9 9 9 8 8 8 8 8 8 1 1 1 8
 9 9 9 9 8 8 8 8 8 8 8 8 1 1 8
 9 9 9 8 8 8 8 8 8 8 8 8 1 8 8
 9 9 8 8 8 8 8 8 8 8 8 8 8 8 0
 9 9 9 8 8 8 8 8 8 8 8 8 8 8 0
 9 9 9 9 8 8 2 2 2 0 0 0 0 8 0
 9 9 9 9 9 8 2 8 2 8 8 8 8 8 0
 9 9 9 9 9 9 2 8 2 9 0 0 0 8 8
# Turn information for samurai of side 1 with weapon 1
# <turn>
21
# <cure period>
0
# Samurai states: <position x> <position y> <hiding>
13 11 0
11 7 0
7 9 0
-1 -1 1
-1 -1 1
-1 -1 1
# Battle field states
 9 9 9 9 9 9 9 9 9 9 9 9 9 9 9
 9 9 9 9 9 9 9 9 9 9 9 9 9 9 9
 9 9 9 9 9 9 9 9 9 9 9 8 9 9 9
 9 9 9 9 9 9 9 9 9 9 8 8 8 9 9
 9 9 9 9 9 9 9 8 9 8 8 8 8 8 9
 9 9 9 9 9 9 8 8 8 8 8 1 8 1 8
 9 9 9 9 9 8 8 8 8 8 1 1 1 1 8
 9 9 9 9 4 4 8 8 8 1 1 1 1 1 8
 9 9 9 4 4 8 8 8 8 8 8 8 1 1 8
 9 9 8 4 8 8 2 8 2 8 8 8 1 8 8
 9 9 9 8 8 8 2 8 2 8 8 8 8 8 0
 9 9 9 9 8 8 2 2 2 0 0 0 0 8 0
 9 9 9 9 9 8 2 2 2 0 0 0 0 8 0
 9 9 9 9 9 9 2 8 2 9 8 8 8 8 0
 9 9 9 9 9 9 9 8 9 9 9 0 0 8 8
# Turn information for samurai of side 1 with weapon 1
# <turn>
26
# <cure period>
0
# Samurai states: <position x> <position y> <hiding>
13 10 0
10 7 1
6 9 1
-1 -1 1
-1 -1 1
-1 -1 1
# Battle field states
 9 9 9 9 9 9 9 9 9 9 9 9 9 9 9
 9 9 9 9 9 9 9 9 9 9 9 9 9 9 9
 9 9 9 9 9 9 9 9 9 9 5 9 9 9 9
 9 9 9 9 9 9 9 9 9 5 5 8 9 9 9
 9 9 9 9 9 9 8 9 8 8 8 8 8 9 9
 9 9 9 9 9 8 8 8 8 8 8 1 8 1 9
 9 9 9 9 4 8 8 8 8 8 1 1 1 1 8
 9 9 9 4 4 4 8 8 1 1 1 1 1 1 8
 9 9 4 4 4 2 2 2 8 1 1 8 1 1 8
 9 4 8 4 8 2 2 2 2 8 1 8 1 8 8
 9 9 8 8 8 2 2 2 2 8 8 8 8 8 0
 9 9 9 8 8 8 2 2 2 0 0 0 0 0 0
 9 9 9 9 8 8 2 2 2 9 0 0 0 0 0
 9 9 9 9 9 8 2 8 9 9 9 8 8 0 0
 9 9 9 9 9 9 2 9 9 9 9 9 0 0 8
# Turn information for samurai of side 1 with weapon 1
# <turn>
33
# <cure period>
0
# Samurai states: <position x> <position y> <hiding>
12 10 1
9 7 1
7 7 0
-1 -1 1
-1 -1 1
-1 -1 1
# Battle field states
 9 9 9 9 9 9 9 9 9 9 9 9 9 9 9
 9 9 9 9 9 9 9 9 9 9 9 9 9 9 9
 9 9 9 9 9 9 9 5 9 5 9 9 9 9 9
 9 9 9 9 9 9 5 5 5 5 5 9 9 9 9
 9 9 9 9 9 3 3 8 8 8 8 8 9 9 9
 9 9 9 9 8 8 8 8 8 8 8 1 8 9 9
 9 9 9 4 4 8 8 8 8 8 1 1 1 1 9
 9 9 4 4 4 4 8 8 1 1 1 1 1 1 8
 9 9 9 4 4 2 2 2 8 1 1 8 1 1 8
 9 9 9 9 8 2 2 2 2 8 1 8 1 8 8
 9 9 9 9 9 2 2 2 2 0 0 0 0 8 0
 9 9 9 9 9 9 2 2 2 0 0 0 0 0 0
 9 9 9 9 9 9 9 2 9 0 0 0 0 0 0
 9 9 9 9 9 9 9 9 9 9 8 8 8 0 0
 9 9 9 9 9 9 9 9 9 9 9 0 0 0 9
# Turn information for samurai of side 1 with weapon 1
# <turn>
38
# <cure period>
0
# Samurai states: <position x> <position y> <hiding>
12 7 0
9 6 0
6 7 0
-1 -1 1
-1 -1 1
-1 -1 1
# Battle field states
 9 9 9 9 9 9 9 9 9 9 9 9 9 9 9
 9 9 9 9 9 9 9 9 9 5 9 9 9 9 9
 9 9 9 9 9 9 5 9 5 5 5 9 8 9 9
 9 9 9 9 9 8 5 5 5 5 5 8 8 8 9
 9 9 9 9 3 3 3 8 8 1 8 8 8 8 8
 9 9 9 4 8 8 8 8 1 1 8 1 8 1 8
 9 9 4 4 4 2 2 2 1 8 1 1 1 1 8
 9 4 4 4 4 2 8 2 1 1 1 1 1 1 8
 9 9 4 4 4 2 2 2 8 1 1 8 1 1 8
 9 9 9 4 8 2 2 2 2 8 1 8 1 8 8
 9 9 9 9 8 2 2 2 2 0 0 0 0 8 0
 9 9 9 9 9 8 2 2 9 0 9 0 0 0 9
 9 9 9 9 9 9 2 9 9 9 9 9 0 9 9
 9 9 9 9 9 9 9 9 9 9 9 9 9 9 9
 9 9 9 9 9 9 9 9 9 9 9 9 9 9 9
# Turn information for samurai of side 1 with weapon 1
# <turn>
45
# <cure period>
0
# Samurai states: <position x> <position y> <hiding>
12 6 1
9 5 1
8 6 1
-1 -1 1
-1 -1 1
-1 -1 1
# Battle field states
 9 9 9 9 9 9 9 9 9 5 9 9 9 9 9
 9 9 9 9 9 9 9 9 5 5 5 9 8 9 9
 9 9 9 9 9 9 9 5 5 5 5 8 0 8 9
 9 9 9 9 9 9 5 5 5 1 5 8 0 8 8
 9 9 9 9 9 3 3 8 8 1 1 8 0 8 8
 9 9 9 9 8 8 8 8 1 1 1 1 0 1 8
 9 9 9 4 4 2 2 2 1 8 1 1 1 1 8
 9 9 9 9 4 2 8 2 1 1 1 1 1 1 8
 9 9 9 9 9 2 2 2 8 1 1 8 1 1 8
 9 9 9 9 9 9 2 2 2 8 1 8 1 8 8
 9 9 9 9 9 9 9 2 2 0 9 0 0 8 9
 9 9 9 9 9 9 9 9 2 9 9 9 0 9 9
 9 9 9 9 9 9 9 9 9 9 9 9 9 9 9
 9 9 9 9 9 9 9 9 9 9 9 9 9 9 9
 9 9 9 9 9 9 9 9 9 9 9 9 9 9 9
# Turn information for samurai of side 1 with weapon 1
# <turn>
50
# <cure period>
0
# Samurai states: <position x> <position y> <hiding>
11 6 0
8 5 0
5 6 1
-1 -1 1
-1 -1 1
-1 -1 1
# Battle field states
 9 9 9 9 9 9 9 9 5 9 9 9 9 9 9
 9 9 9 9 9 8 9 5 5 5 9 8 9 9 9
 9 9 9 9 3 8 5 5 5 5 5 0 0 9 9
 9 9 9 3 3 8 5 5 1 1 5 0 0 8 9
 9 9 3 3 3 3 3 1 1 1 1 0 0 8 8
 9 8 4 3 3 3 3 1 1 1 1 0 0 1 8
 3 4 4 4 4 2 2 2 1 8 1 1 1 1 8
 9 4 4 4 4 2 8 2 1 1 1 1 1 1 8
 9 9 4 4 4 2 2 2 8 1 1 8 1 1 8
 9 9 9 4 8 2 2 2 2 8 1 8 1 8 9
 9 9 9 9 8 2 2 9 2 9 0 0 0 9 9
 9 9 9 9 9 8 9 9 9 9 9 0 9 9 9
 9 9 9 9 9 9 9 9 9 9 9 9 9 9 9
 9 9 9 9 9 9 9 9 9 9 9 9 9 9 9
 9 9 9 9 9 9 9 9 9 9 9 9 9 9 9
# Turn information for samurai of side 1 with weapon 1
# <turn>
57
# <cure period>
14
# Samurai states: <position x> <position y> <hiding>
10 6 1
14 7 0
7 14 0
-1 -1 1
-1 -1 1
-1 -1 1
# Battle field states
 9 9 9 9 9 9 9 9 9 9 9 9 9 9 9
 9 9 9 9 9 9 9 9 9 9 5 9 9 9 9
 9 9 9 9 9 9 9 9 9 5 0 0 9 9 8
 9 9 9 9 9 9 9 9 1 1 0 0 0 8 8
 9 9 9 9 9 9 9 4 4 1 0 0 0 8 8
 9 9 9 9 9 9 3 4 1 1 0 0 0 1 8
 9 9 9 9 9 2 2 2 1 8 1 1 1 1 8
 9 9 9 9 9 9 8 2 1 1 1 1 1 1 8
 9 9 9 9 9 9 9 2 8 1 1 8 1 1 8
 9 9 9 9 9 9 9 2 2 8 1 8 1 8 8
 9 9 9 9 9 9 2 2 2 0 0 0 0 8 0
 9 9 9 9 9 8 2 2 2 0 0 9 9 0 0
 9 9 9 9 8 8 2 2 2 0 0 9 9 9 0
 9 9 9 8 8 8 2 8 2 8 8 8 9 9 9
 9 9 8 8 8 8 2 8 2 0 0 0 0 9 9
# Turn information for samurai of side 1 with weapon 1
# <turn>
62
# <cure period>
9
# Samurai states: <position x> <position y> <hiding>
10 5 0
14 7 0
7 14 0
-1 -1 1
-1 -1 1
-1 -1 1
# Battle field states
 9 9 9 9 9 9 9 9 9 9 5 9 9 9 9
 9 9 9 9 9 9 9 9 9 5 5 5 9 9 9
 9 9 9 9 9 9 9 9 1 5 0 0 0 9 8
 9 9 9 9 9 9 9 1 1 1 0 0 0 8 8
 9 9 9 9 9 9 3 4 4 1 0 0 0 8 8
 9 9 9 9 9 3 0 0 0 0 0 0 0 1 8
 9 9 9 9 9 9 2 2 1 8 1 1 1 1 8
 9 9 9 9 9 9 9 2 1 1 1 1 1 1 8
 9 9 9 9 9 9 9 9 8 1 1 8 1 1 8
 9 9 9 9 9 9 9 2 9 8 1 8 1 8 8
 9 9 9 9 9 9 2 2 2 9 0 9 0 8 0
 9 9 9 9 9 8 2 2 2 0 9 9 9 0 0
 9 9 9 9 8 8 2 2 2 0 0 9 9 9 0
 9 9 9 8 8 8 2 8 2 8 8 8 9 9 9
 9 9 8 8 8 8 2 8 2 0 0 0 0 9 9
# Turn information for samurai of side 1 with weapon 1
# <turn>
69
# <cure period>
2
# Samurai states: <position x> <position y> <hiding>
12 6 1
14 7 0
7 14 0
-1 -1 1
-1 -1 1
12 2 0
# Battle field states
 9 9 9 9 9 9 9 9 9 9 9 9 9 9 9
 9 9 9 9 9 9 9 9 9 9 9 9 5 9 9
 9 9 9 9 9 9 9 9 9 9 9 0 0 8 8
 9 9 9 9 9 9 9 9 9 9 0 0 0 8 8
 9 9 9 9 9 9 9 9 9 1 0 0 0 8 8
 9 9 9 9 9 9 9 9 0 0 0 0 0 1 8
 9 9 9 9 9 9 9 2 1 8 1 1 1 1 8
 9 9 9 9 9 9 9 9 1 1 1 1 1 1 8
 9 9 9 9 9 9 9 9 9 1 1 8 1 1 8
 9 9 9 9 9 9 9 2 9 9 1 8 1 8 8
 9 9 9 9 9 9 2 2 2 9 9 0 0 8 0
 9 9 9 9 9 8 2 2 2 0 9 9 0 0 0
 9 9 9 9 8 8 2 2 2 0 0 9 9 9 0
 9 9 9 8 8 8 2 8 2 8 8 8 9 9 9
 9 9 8 8 8 8 2 8 2 0 0 0 0 9 9
# Turn information for samurai of side 1 with weapon 1
# <turn>
74
# <cure period>
0
# Samurai states: <position x> <position y> <hiding>
9 6 0
14 7 0
7 14 0
-1 -1 1
-1 -1 1
-1 -1 1
# Battle field states
 9 9 9 9 9 9 9 9 9 9 9 9 9 9 9
 9 9 9 9 9 9 9 9 9 5 9 9 9 9 9
 9 9 9 9 9 9 9 9 1 5 0 9 9 9 8
 9 9 9 9 9 9 9 1 1 1 0 0 9 8 8
 9 9 9 9 9 9 3 4 4 1 0 0 0 8 8
 9 9 9 9 9 3 0 0 0 0 0 0 0 1 8
 9 9 9 9 2 2 2 2 1 8 1 1 1 1 8
 9 9 9 9 9 2 8 2 1 1 1 1 1 1 8
 9 9 9 9 9 9 2 2 8 1 1 8 1 1 8
 9 9 9 9 9 9 9 2 2 8 1 8 1 8 8
 9 9 9 9 9 9 2 2 2 0 0 9 0 8 0
 9 9 9 9 9 8 2 2 2 0 9 9 9 0 0
 9 9 9 9 8 8 2 2 2 0 0 9 9 9 0
 9 9 9 8 8 8 2 8 2 8 8 8 9 9 9
 9 9 8 8 8 8 2 8 2 0 0 0 0 9 9
# Turn information for samurai of side 1 with weapon 1
# <turn>
81
# <cure period>
0
# Samurai states: <position x> <position y> <hiding>
9 5 1
11 7 1
6 14 1
-1 -1 1
-1 -1 1
-1 -1 1
# Battle field states
 9 9 9 9 9 9 9 9 9 5 9 9 9 9 9
 9 9 9 9 9 9 9 9 5 0 5 9 9 9 9
 9 9 9 9 9 9 9 3 3 0 0 0 9 9 9
 9 9 9 9 9 9 5 1 1 0 0 0 0 9 9
 9 9 9 9 9 3 3 4 4 0 0 0 0 8 9
 9 9 9 9 3 3 0 0 0 0 0 0 0 1 8
 9 9 9 9 9 2 2 2 1 8 1 1 1 1 8
 9 9 9 9 9 9 8 2 1 1 1 1 1 1 8
 9 9 9 9 9 9 9 2 8 1 1 8 1 1 8
 9 9 9 9 9 9 2 9 2 8 1 8 1 8 8
 9 9 9 9 9 2 2 2 9 0 0 0 0 8 9
 9 9 9 9 8 8 2 2 2 9 0 0 0 9 9
 9 9 9 8 8 8 2 2 2 0 9 0 9 9 9
 9 9 8 8 8 2 2 2 2 8 8 9 9 9 9
 9 8 8 8 8 2 2 8 2 0 0 0 9 9 9
# Turn information for samurai of side 1 with weapon 1
# <turn>
86
# <cure period>
0
# Samurai states: <position x> <position y> <hiding>
9 4 0
8 7 0
4 13 0
-1 -1 1
-1 -1 1
-1 -1 1
# Battle field states
 9 9 9 9 9 9 9 9 5 5 5 9 9 9 9
 9 9 9 9 9 9 9 5 5 0 5 5 9 9 9
 9 9 9 9 9 9 3 3 3 0 5 5 5 9 9
 9 9 9 9 9 8 5 1 1 0 0 0 0 8 9
 9 9 9 9 3 0 0 0 0 0 0 0 0 8 8
 9 9 9 9 9 3 0 0 0 0 0 0 0 1 9
 9 9 9 9 2 2 2 2 1 8 1 1 1 9 9
 9 9 9 4 4 2 8 2 1 1 1 1 1 1 9
 9 9 9 9 4 2 2 2 8 1 1 8 1 9 9
 9 9 9 4 8 2 2 2 2 8 1 8 9 9 9
 9 9 8 8 8 2 2 2 2 0 0 9 9 9 9
 9 8 8 8 8 8 2 2 2 0 9 9 9 9 9
 8 8 8 8 8 8 2 2 2 9 9 9 9 9 9
 8 8 8 8 8 2 2 2 2 8 9 9 9 9 9
 8 8 8 8 8 2 2 8 2 9 9 9 9 9 9
# Turn information for samurai of side 1 with weapon 1
# <turn>
93
# <cure period>
0
# Samurai states: <position x> <position y> <hiding>
8 4 1
8 7 1
3 13 0
-1 -1 1
4 9 0
-1 -1 1
# Battle field states
 9 9 9 9 9 9 9 8 0 5 9 9 9 9 9
 9 9 9 9 9 9 5 5 0 0 5 9 9 9 9
 9 9 9 9 9 3 3 3 0 0 5 5 9 9 9
 9 9 9 9 3 8 5 1 0 0 0 0 0 9 9
 9 9 9 3 3 3 3 0 0 0 0 0 0 8 9
 9 9 9 9 3 3 0 0 0 0 0 0 0 9 9
 9 9 9 9 2 2 2 2 1 8 1 1 1 9 9
 9 9 9 4 4 2 1 1 1 1 1 1 1 1 9
 9 9 9 4 4 2 2 1 1 1 1 8 1 9 9
 9 9 4 4 8 4 4 2 1 8 1 8 9 9 9
 9 4 8 8 4 4 2 2 2 0 0 9 9 9 9
 4 8 8 8 4 8 2 2 2 0 9 9 9 9 9
 8 8 2 2 2 8 2 2 2 9 9 9 9 9 9
 8 8 2 8 2 2 2 2 2 9 9 9 9 9 9
 8 8 2 8 2 2 2 8 9 9 9 9 9 9 9
