# <# turns> <side> <weapon> <width> <height> <cure period>
96 0 1 15 15 20
# Home positions
0 0
0 7
7 0
14 14
14 7
7 14
# Ranks and scores of samurai
0 0
0 0
0 0
0 0
0 0
0 0
# Turn information for samurai of side 0 with weapon 1
# <turn>
3
# <cure period>
0
# Samurai states: <position x> <position y> <hiding>
1 0 0
0 7 0
7 0 0
-1 -1 1
-1 -1 1
-1 -1 1
# Battle field states
 8 8 0 0 0 0 8 8 8 8 8 8 8 9 9
 8 8 8 8 8 8 8 8 8 8 8 8 9 9 9
 8 8 8 8 8 8 8 8 8 8 8 9 9 9 9
 8 8 8 8 9 8 8 8 8 8 9 9 9 9 9
 8 8 8 9 9 9 8 8 8 9 9 9 9 9 9
 8 8 8 8 9 9 9 8 9 9 9 9 9 9 9
 8 8 8 8 8 9 9 9 9 9 9 9 9 9 9
 8 8 8 8 8 8 9 9 9 9 9 9 9 9 9
 8 8 8 8 8 9 9 9 9 9 9 9 9 9 9
 8 8 8 8 9 9 9 9 9 9 9 9 9 9 9
 8 8 8 9 9 9 9 9 9 9 9 9 9 9 9
 8 8 9 9 9 9 9 9 9 9 9 9 9 9 9
 8 9 9 9 9 9 9 9 9 9 9 9 9 9 9
 9 9 9 9 9 9 9 9 9 9 9 9 9 9 9
 9 9 9 9 9 9 9 9 9 9 9 9 9 9 9
# Turn information for samurai of side 0 with weapon 1
# <turn>
8
# <cure period>
0
# Samurai states: <position x> <position y> <hiding>
1 1 0
1 7 0
7 1 0
-1 -1 1
-1 -1 1
-1 -1 1
# Battle field states
 8 8 0 0 0 0 2 8 2 8 8 8 9 9 9
 8 8 8 8 8 8 2 8 2 8 8 8 8 9 9
 8 0 8 8 8 8 2 2 2 8 8 8 9 9 9
 8 0 8 8 8 8 8 8 8 8 8 9 9 9 9
 8 0 8 8 9 8 8 8 8 8 9 9 9 9 9
 8 0 8 8 8 9 8 8 8 9 9 9 9 9 9
 8 8 8 8 8 8 9 8 9 9 9 9 9 9 9
 8 8 1 1 8 8 8 9 9 9 9 9 9 9 9
 8 1 1 8 8 8 9 9 9 9 9 9 9 9 9
 8 1 8 8 8 9 9 9 9 9 9 9 9 9 9
 8 8 8 8 9 9 9 9 9 9 9 9 9 9 9
 8 8 8 9 9 9 9 9 9 9 9 9 9 9 9
 9 8 9 9 9 9 9 9 9 9 9 9 9 9 9
 9 9 9 9 9 9 9 9 9 9 9 9 9 9 9
 9 9 9 9 9 9 9 9 9 9 9 9 9 9 9
# Turn information for samurai of side 0 with weapon 1
# <turn>
15
# <cure period>
0
# Samurai states: <position x> <position y> <hiding>
2 1 1
2 7 1
7 4 0
-1 -1 1
-1 -1 1
-1 -1 1
# Battle field states
 8 8 0 0 0 0 2 8 2 9 9 9 9 9 9
 8 8 0 0 0 0 2 8 2 8 9 9 9 9 9
 8 0 8 8 8 8 2 2 2 8 8 9 9 9 9
 8 0 8 8 8 8 8 8 8 8 8 8 9 9 9
 8 0 8 8 8 8 8 8 8 8 8 8 4 9 9
 8 0 1 8 8 8 8 8 8 8 8 8 9 9 9
 8 1 1 8 8 8 8 8 8 8 8 9 9 9 9
 8 1 1 1 8 8 8 8 8 8 9 9 9 9 9
 8 1 1 8 8 8 8 8 8 9 9 9 9 9 9
 8 1 8 8 8 8 9 8 9 9 9 9 9 9 9
 8 8 8 8 8 9 9 9 9 9 9 9 9 9 9
 9 8 8 8 9 9 9 9 9 9 9 9 9 9 9
 9 9 8 9 9 9 9 9 9 9 9 9 9 9 9
 9 9 9 9 9 9 9 9 9 9 9 9 9 9 9
 9 9 9 9 9 9 9 9 9 9 9 9 9 9 9
# Turn information for samurai of side 0 with weapon 1
# <turn>
20
# <cure period>
0
# Samurai states: <position x> <position y> <hiding>
3 1 0
3 7 0
7 5 0
-1 -1 1
-1 -1 1
-1 -1 1
# Battle field states
 8 8 0 0 0 0 2 8 9 9 9 9 9 9 9
 8 8 0 0 0 0 2 8 2 9 9 9 9 9 9
 8 0 8 0 8 8 2 2 2 8 9 9 9 9 9
 8 0 8 0 8 8 2 2 2 8 8 9 9 9 9
 9 0 8 0 8 8 2 8 2 8 8 8 9 9 9
 8 0 1 0 8 8 2 8 2 8 8 8 4 9 9
 8 1 1 1 1 8 8 8 8 8 8 4 9 9 9
 8 1 1 1 1 1 8 8 8 8 4 9 9 9 9
 8 1 1 8 8 8 8 8 8 8 9 9 9 9 9
 8 1 8 8 8 8 8 8 8 9 9 9 9 9 9
 9 8 8 8 8 8 9 5 9 9 9 9 9 9 9
 9 9 8 8 8 9 9 9 9 9 9 9 9 9 9
 9 9 9 8 9 9 9 9 9 9 9 9 9 9 9
 9 9 9 9 9 9 9 9 9 9 9 9 9 9 9
 9 9 9 9 9 9 9 9 9 9 9 9 9 9 9
# Turn information for samurai of side 0 with weapon 1
# <turn>
27
# <cure period>
0
# Samurai states: <position x> <position y> <hiding>
4 1 1
3 8 0
6 5 1
-1 -1 1
-1 -1 1
-1 -1 1
# Battle field states
 8 8 0 0 0 0 2 8 2 9 9 9 9 9 9
 8 8 0 0 0 0 2 8 2 8 9 9 9 9 9
 8 0 8 0 0 8 2 2 2 9 9 9 9 9 9
 9 0 8 0 0 8 2 2 2 8 9 9 9 9 9
 9 9 8 0 0 2 2 2 2 8 8 9 9 9 9
 9 0 1 0 0 2 2 2 2 8 4 4 9 9 9
 8 1 1 1 1 2 2 2 8 8 8 9 9 9 9
 8 1 1 1 1 1 8 8 8 8 9 9 9 9 9
 8 1 1 8 1 1 8 8 8 9 9 9 9 9 9
 8 1 8 1 1 8 8 8 9 9 9 9 9 9 9
 8 8 8 1 8 8 5 9 9 9 9 9 9 9 9
 9 8 8 8 8 8 9 9 9 9 9 9 9 9 9
 9 9 8 8 8 9 9 9 9 9 9 9 9 9 9
 9 9 9 8 9 9 9 9 9 9 9 9 9 9 9
 9 9 9 9 9 9 9 9 9 9 9 9 9 9 9
# Turn information for samurai of side 0 with weapon 1
# <turn>
32
# <cure period>
0
# Samurai states: <position x> <position y> <hiding>
5 1 0
6 8 0
8 5 1
-1 -1 1
-1 -1 1
-1 -1 1
# Battle field states
 9 8 0 0 0 0 2 8 2 8 9 9 9 9 9
 8 8 0 0 0 0 0 0 0 0 8 9 9 9 9
 9 0 8 0 0 8 2 2 2 8 8 9 9 9 9
 9 9 8 0 0 8 2 2 2 8 8 8 9 9 9
 9 9 9 0 0 2 2 2 2 8 8 4 4 9 9
 9 9 9 0 0 2 2 2 2 8 4 4 4 4 9
 9 9 9 1 1 2 2 2 8 8 8 4 4 9 9
 9 9 1 1 1 1 8 8 8 8 4 4 9 9 9
 9 1 1 8 1 1 8 8 8 8 3 8 9 9 9
 9 9 8 1 1 8 8 8 8 8 3 9 9 9 9
 9 9 9 1 8 8 5 5 5 8 9 9 9 9 9
 9 9 9 9 8 8 5 5 5 9 9 9 9 9 9
 9 9 9 9 9 8 5 5 9 9 9 9 9 9 9
 9 9 9 9 9 9 5 9 9 9 9 9 9 9 9
 9 9 9 9 9 9 9 9 9 9 9 9 9 9 9
# Turn information for samurai of side 0 with weapon 1
# <turn>
39
# <cure period>
0
# Samurai states: <position x> <position y> <hiding>
7 2 1
6 9 0
8 5 1
-1 -1 1
-1 -1 1
-1 -1 1
# Battle field states
 9 9 9 9 0 0 2 8 2 8 8 9 9 9 9
 9 9 9 0 0 0 0 0 0 0 8 8 9 9 9
 9 9 8 0 0 8 2 2 2 8 8 8 8 9 9
 9 9 9 0 0 8 2 2 2 8 8 8 9 9 9
 9 9 9 9 0 2 2 2 2 2 8 4 4 9 9
 9 9 9 0 0 2 2 2 2 2 4 4 4 4 9
 9 9 9 9 1 2 2 2 2 2 8 4 4 9 9
 9 9 9 1 1 1 8 8 8 8 4 4 9 9 9
 9 9 1 8 1 1 8 8 8 8 3 9 9 9 9
 9 1 8 1 1 8 8 1 1 8 3 8 9 9 9
 9 9 8 1 8 8 1 1 5 8 3 9 9 9 9
 9 9 9 8 8 8 1 5 5 8 9 9 9 9 9
 9 9 9 9 8 8 5 5 5 9 9 9 9 9 9
 9 9 9 9 9 8 5 5 9 9 9 9 9 9 9
 9 9 9 9 9 9 5 9 9 9 9 9 9 9 9
# Turn information for samurai of side 0 with weapon 1
# <turn>
44
# <cure period>
18
# Samurai states: <position x> <position y> <hiding>
7 5 0
0 7 0
8 4 0
-1 -1 1
-1 -1 1
-1 -1 1
# Battle field states
 9 9 9 9 9 9 9 8 2 8 9 9 9 9 9
 9 9 9 9 9 9 0 0 0 0 8 9 9 9 9
 8 9 9 9 9 8 2 2 2 8 8 8 9 9 9
 8 0 9 9 0 8 2 2 2 2 8 8 4 9 9
 8 0 8 0 0 2 2 2 2 2 8 4 4 8 9
 8 0 1 0 0 2 2 2 2 2 4 4 4 9 9
 8 1 1 1 1 2 2 2 2 2 8 4 9 9 9
 8 1 1 1 1 1 8 3 8 8 4 9 9 9 9
 8 1 1 8 1 1 1 3 8 8 9 9 9 9 9
 8 1 8 1 9 9 1 3 1 9 9 9 9 9 9
 8 8 8 9 9 9 9 3 9 9 9 9 9 9 9
 8 8 9 9 9 9 9 9 9 9 9 9 9 9 9
 8 9 9 9 9 9 9 9 9 9 9 9 9 9 9
 9 9 9 9 9 9 9 9 9 9 9 9 9 9 9
 9 9 9 9 9 9 9 9 9 9 9 9 9 9 9
# Turn information for samurai of side 0 with weapon 1
# <turn>
51
# <cure period>
11
# Samurai states: <position x> <position y> <hiding>
7 4 1
0 7 0
7 0 0
-1 -1 1
-1 -1 1
-1 -1 1
# Battle field states
 9 9 0 0 0 0 2 8 2 8 8 8 8 9 9
 9 9 9 0 0 0 0 0 0 0 8 8 9 9 9
 8 9 9 9 0 8 2 2 2 8 8 9 9 9 9
 8 0 9 0 0 8 2 2 2 2 8 8 9 9 9
 8 0 8 0 0 2 2 2 2 2 8 4 4 9 9
 8 0 1 0 0 2 2 2 2 2 4 4 9 9 9
 8 1 1 1 1 2 2 3 2 2 8 9 9 9 9
 8 1 1 1 1 1 8 3 8 8 9 9 9 9 9
 8 1 1 8 1 9 1 3 8 9 9 9 9 9 9
 8 1 8 1 9 9 9 3 9 9 9 9 9 9 9
 8 8 8 9 9 9 9 9 9 9 9 9 9 9 9
 8 8 9 9 9 9 9 9 9 9 9 9 9 9 9
 8 9 9 9 9 9 9 9 9 9 9 9 9 9 9
 9 9 9 9 9 9 9 9 9 9 9 9 9 9 9
 9 9 9 9 9 9 9 9 9 9 9 9 9 9 9
# Turn information for samurai of side 0 with weapon 1
# <turn>
56
# <cure period>
6
# Samurai states: <position x> <position y> <hiding>
7 5 0
0 7 0
7 0 0
-1 -1 1
-1 -1 1
-1 -1 1
# Battle field states
 9 9 0 0 0 0 2 8 2 8 8 8 8 9 9
 9 9 9 0 0 0 0 0 0 0 8 8 9 9 9
 8 9 9 9 0 8 2 2 2 8 8 9 9 9 9
 8 0 9 9 0 8 2 2 2 2 8 9 9 9 9
 8 0 8 0 0 2 2 2 2 2 8 4 9 9 9
 8 0 1 0 0 2 2 2 2 2 4 4 4 9 9
 8 1 1 1 1 2 2 0 2 2 8 4 9 9 9
 8 1 1 1 1 1 8 0 8 8 4 9 9 9 9
 8 1 1 8 1 1 1 0 8 8 9 9 9 9 9
 8 1 8 1 9 9 1 0 1 9 9 9 9 9 9
 8 8 8 9 9 9 9 3 9 9 9 9 9 9 9
 8 8 9 9 9 9 9 9 9 9 9 9 9 9 9
 8 9 9 9 9 9 9 9 9 9 9 9 9 9 9
 9 9 9 9 9 9 9 9 9 9 9 9 9 9 9
 9 9 9 9 9 9 9 9 9 9 9 9 9 9 9
# Turn information for samurai of side 0 with weapon 1
# <turn>
63
# <cure period>
0
# Samurai states: <position x> <position y> <hiding>
8 3 1
0 7 0
7 0 0
-1 -1 1
-1 -1 1
-1 -1 1
# Battle field states
 9 9 0 0 0 0 2 8 2 8 8 8 8 9 9
 9 9 9 0 0 0 0 0 0 0 8 8 9 9 9
 8 9 9 9 0 8 2 2 2 8 8 8 4 9 9
 8 0 9 0 0 8 2 2 2 2 8 8 4 4 9
 8 0 8 9 0 2 2 2 2 2 8 4 4 9 9
 8 0 1 0 9 2 2 2 2 2 4 4 9 9 9
 8 1 1 1 1 9 2 0 2 2 8 9 9 9 9
 8 1 1 1 1 1 9 0 8 8 9 9 9 9 9
 8 1 1 8 1 9 9 9 8 9 9 9 9 9 9
 8 1 8 3 9 9 9 9 9 9 9 9 9 9 9
 8 8 8 9 9 9 9 9 9 9 9 9 9 9 9
 8 8 9 9 9 9 9 9 9 9 9 9 9 9 9
 8 9 9 9 9 9 9 9 9 9 9 9 9 9 9
 9 9 9 9 9 9 9 9 9 9 9 9 9 9 9
 9 9 9 9 9 9 9 9 9 9 9 9 9 9 9
# Turn information for samurai of side 0 with weapon 1
# <turn>
68
# <cure period>
0
# Samurai states: <position x> <position y> <hiding>
7 3 0
1 7 1
7 0 0
-1 -1 1
-1 -1 1
-1 -1 1
# Battle field states
 9 9 0 0 0 0 2 8 2 8 8 8 8 9 9
 9 9 9 0 0 0 0 0 0 0 8 8 9 9 9
 9 0 9 0 0 8 2 2 2 8 8 8 9 9 9
 8 0 8 0 0 8 2 2 2 2 8 8 4 9 9
 8 0 8 0 0 2 2 0 2 2 8 4 9 9 9
 1 0 1 0 0 2 2 0 2 2 4 9 9 9 9
 1 1 1 1 1 2 2 0 2 2 9 9 9 9 9
 8 1 1 1 1 1 8 0 8 9 9 9 9 9 9
 8 1 1 8 1 1 9 3 9 9 9 9 9 9 9
 8 1 8 3 3 9 9 9 9 9 9 9 9 9 9
 8 8 8 3 9 9 9 9 9 9 9 9 9 9 9
 8 8 8 9 9 9 9 9 9 9 9 9 9 9 9
 9 8 9 9 9 9 9 9 9 9 9 9 9 9 9
 9 9 9 9 9 9 9 9 9 9 9 9 9 9 9
 9 9 9 9 9 9 9 9 9 9 9 9 9 9 9
# Turn information for samurai of side 0 with weapon 1
# <turn>
75
# <cure period>
0
# Samurai states: <position x> <position y> <hiding>
8 2 1
1 7 1
10 0 0
-1 -1 1
-1 -1 1
-1 -1 1
# Battle field states
 9 9 9 9 9 0 2 8 2 8 8 8 8 4 8
 9 9 9 9 0 0 0 0 0 0 8 8 8 4 4
 9 0 9 0 0 8 2 2 2 8 8 8 4 4 9
 8 0 8 9 0 8 2 2 2 2 8 8 4 9 9
 8 0 8 0 9 2 2 0 2 2 8 4 9 9 9
 1 0 1 0 0 9 2 0 2 2 4 9 9 9 9
 1 1 1 1 1 2 9 3 2 2 9 9 9 9 9
 8 1 1 1 1 1 8 9 8 9 9 9 9 9 9
 1 1 1 8 1 1 9 9 9 9 9 9 9 9 9
 8 1 8 3 3 9 9 9 9 9 9 9 9 9 9
 8 8 8 3 9 9 9 9 9 9 9 9 9 9 9
 8 8 8 9 9 9 9 9 9 9 9 9 9 9 9
 9 8 9 9 9 9 9 9 9 9 9 9 9 9 9
 9 9 9 9 9 9 9 9 9 9 9 9 9 9 9
 9 9 9 9 9 9 9 9 9 9 9 9 9 9 9
# Turn information for samurai of side 0 with weapon 1
# <turn>
80
# <cure period>
0
# Samurai states: <position x> <position y> <hiding>
8 3 0
4 7 0
10 1 0
-1 -1 1
-1 -1 1
3 10 0
# Battle field states
 9 9 9 9 9 9 2 8 2 2 2 2 8 4 8
 9 9 9 9 9 0 0 0 0 0 8 2 8 4 4
 9 9 9 9 0 8 2 2 2 2 2 2 4 4 4
 9 9 9 0 0 8 2 2 2 0 0 0 0 4 9
 9 9 8 0 0 2 2 0 2 2 8 4 4 9 9
 9 0 1 0 0 2 2 0 2 2 4 4 9 9 9
 1 1 1 1 1 2 2 3 3 2 8 9 9 9 9
 8 1 1 1 1 1 8 3 3 8 9 9 9 9 9
 1 1 1 8 1 1 1 3 3 9 9 9 9 9 9
 9 1 5 3 5 3 3 3 9 9 9 9 9 9 9
 9 9 5 3 5 3 3 9 9 9 9 9 9 9 9
 9 9 9 5 5 8 9 9 9 9 9 9 9 9 9
 9 9 9 9 8 9 9 9 9 9 9 9 9 9 9
 9 9 9 9 9 9 9 9 9 9 9 9 9 9 9
 9 9 9 9 9 9 9 9 9 9 9 9 9 9 9
# Turn information for samurai of side 0 with weapon 1
# <turn>
87
# <cure period>
0
# Samurai states: <position x> <position y> <hiding>
8 4 1
5 7 1
11 3 1
-1 -1 1
-1 -1 1
-1 -1 1
# Battle field states
 9 9 9 9 9 9 9 8 2 2 2 2 4 4 9
 9 9 9 9 9 9 0 0 0 0 8 4 4 4 4
 9 9 9 9 9 8 2 2 2 2 2 4 4 4 4
 9 9 9 9 0 8 2 2 2 0 0 0 4 4 8
 9 9 9 0 0 2 2 0 2 2 8 4 4 4 4
 9 9 1 0 0 2 2 0 0 3 4 4 4 4 8
 9 1 1 1 1 2 2 3 0 3 8 4 4 4 9
 8 1 1 1 1 1 1 1 0 3 4 4 4 9 9
 9 1 5 5 5 1 1 3 0 3 9 8 9 9 9
 9 9 5 3 5 1 3 3 3 9 9 9 9 9 9
 9 9 9 5 5 3 3 3 9 9 9 9 9 9 9
 9 9 9 9 5 8 1 9 9 9 9 9 9 9 9
 9 9 9 9 9 8 9 9 9 9 9 9 9 9 9
 9 9 9 9 9 9 9 9 9 9 9 9 9 9 9
 9 9 9 9 9 9 9 9 9 9 9 9 9 9 9
# Turn information for samurai of side 0 with weapon 1
# <turn>
92
# <cure period>
0
# Samurai states: <position x> <position y> <hiding>
9 4 0
6 7 0
11 4 0
-1 -1 1
-1 -1 1
-1 -1 1
# Battle field states
 9 9 9 9 9 9 9 9 2 2 2 2 4 9 9
 9 9 9 9 9 9 9 0 0 0 8 4 4 4 9
 9 9 9 9 9 9 2 2 2 2 2 4 4 4 4
 9 9 9 9 9 8 2 2 2 0 2 0 2 4 8
 9 9 9 9 0 2 2 0 2 2 2 4 2 4 4
 9 9 9 0 0 2 2 0 0 0 2 2 2 4 8
 9 9 1 1 1 2 2 3 0 0 8 4 4 4 4
 9 1 1 1 1 1 1 1 1 0 4 4 4 4 9
 9 9 5 5 5 3 3 3 3 0 3 8 3 9 9
 9 9 9 5 5 1 1 3 3 8 9 8 9 9 9
 9 9 9 9 5 3 3 3 5 9 9 9 9 9 9
 9 9 9 9 9 8 1 5 9 9 9 9 9 9 9
 9 9 9 9 9 9 5 9 9 9 9 9 9 9 9
 9 9 9 9 9 9 9 9 9 9 9 9 9 9 9
 9 9 9 9 9 9 9 9 9 9 9 9 9 9 9
