# <# turns> <side> <weapon> <width> <height> <cure period>
96 0 2 15 15 20
# Home positions
0 0
0 7
7 0
14 14
14 7
7 14
# Ranks and scores of samurai
0 0
0 0
0 0
0 0
0 0
0 0
# Turn information for samurai of side 0 with weapon 2
# <turn>
4
# <cure period>
0
# Samurai states: <position x> <position y> <hiding>
0 0 0
0 7 0
7 0 0
-1 -1 1
-1 -1 1
-1 -1 1
# Battle field states
 8 8 8 8 8 8 8 8 8 8 8 8 8 9 9
 8 8 8 8 8 8 8 8 8 8 8 8 9 9 9
 8 8 8 8 8 8 8 8 8 8 8 9 9 9 9
 8 8 8 9 9 8 8 8 8 8 9 9 9 9 9
 8 8 8 9 9 9 8 8 8 9 9 9 9 9 9
 8 8 8 8 9 9 9 8 9 9 9 9 9 9 9
 8 8 8 8 8 9 9 9 9 9 9 9 9 9 9
 8 8 8 8 8 8 9 9 9 9 9 9 9 9 9
 8 8 8 8 8 9 9 9 9 9 9 9 9 9 9
 8 8 8 8 9 9 9 9 9 9 9 9 9 9 9
 8 8 8 9 9 9 9 9 9 9 9 9 9 9 9
 8 8 9 9 9 9 9 9 9 9 9 9 9 9 9
 8 9 9 9 9 9 9 9 9 9 9 9 9 9 9
 9 9 9 9 9 9 9 9 9 9 9 9 9 9 9
 9 9 9 9 9 9 9 9 9 9 9 9 9 9 9
# Turn information for samurai of side 0 with weapon 2
# <turn>
11
# <cure period>
0
# Samurai states: <position x> <position y> <hiding>
1 0 0
1 7 0
7 0 0
-1 -1 1
-1 -1 1
-1 -1 1
# Battle field states
 8 8 0 0 0 0 8 8 8 8 8 8 8 9 9
 8 8 8 8 8 8 8 8 8 8 8 8 9 9 9
 8 8 8 8 8 8 8 8 8 8 8 9 9 9 9
 8 8 8 8 9 8 8 8 8 8 9 9 9 9 9
 8 8 8 8 9 9 8 8 8 9 9 9 9 9 9
 8 8 8 8 8 9 9 8 9 9 9 9 9 9 9
 8 8 8 8 8 8 9 9 9 9 9 9 9 9 9
 8 8 1 1 8 8 8 9 9 9 9 9 9 9 9
 8 1 1 8 8 8 9 9 9 9 9 9 9 9 9
 8 1 8 8 8 9 9 9 9 9 9 9 9 9 9
 8 8 8 8 9 9 9 9 9 9 9 9 9 9 9
 8 8 8 9 9 9 9 9 9 9 9 9 9 9 9
 9 8 9 9 9 9 9 9 9 9 9 9 9 9 9
 9 9 9 9 9 9 9 9 9 9 9 9 9 9 9
 9 9 9 9 9 9 9 9 9 9 9 9 9 9 9
# Turn information for samurai of side 0 with weapon 2
# <turn>
16
# <cure period>
0
# Samurai states: <position x> <position y> <hiding>
1 1 0
2 7 1
7 1 0
-1 -1 1
-1 -1 1
-1 -1 1
# Battle field states
 8 8 0 0 0 0 2 8 2 8 8 8 9 9 9
 8 8 0 0 0 0 2 8 2 8 8 8 8 9 9
 8 8 8 8 8 8 2 2 2 8 8 8 9 9 9
 8 8 8 8 8 8 8 8 8 8 8 9 9 9 9
 8 8 8 8 8 8 8 8 8 8 9 9 9 9 9
 8 8 1 8 8 8 8 8 8 9 9 9 9 9 9
 8 1 1 8 8 8 8 8 9 9 9 9 9 9 9
 8 1 1 1 8 8 8 8 9 9 9 9 9 9 9
 8 1 1 8 8 8 8 9 9 9 9 9 9 9 9
 8 1 8 8 8 8 9 9 9 9 9 9 9 9 9
 8 8 8 8 8 9 9 9 9 9 9 9 9 9 9
 9 8 8 8 9 9 9 9 9 9 9 9 9 9 9
 9 9 8 9 9 9 9 9 9 9 9 9 9 9 9
 9 9 9 9 9 9 9 9 9 9 9 9 9 9 9
 9 9 9 9 9 9 9 9 9 9 9 9 9 9 9
# Turn information for samurai of side 0 with weapon 2
# <turn>
23
# <cure period>
0
# Samurai states: <position x> <position y> <hiding>
1 2 0
3 7 0
7 2 1
-1 -1 1
-1 -1 1
6 9 0
# Battle field states
 8 8 0 0 0 0 2 8 2 8 8 9 9 9 9
 8 8 0 0 0 0 2 2 2 8 8 8 9 9 9
 8 8 0 0 0 0 2 2 2 8 8 8 8 9 9
 8 8 8 8 8 8 2 2 2 8 8 8 9 9 9
 8 8 8 8 8 8 8 8 8 8 8 9 9 9 9
 8 8 1 1 8 8 8 8 8 8 9 9 9 9 9
 8 1 1 1 1 8 8 8 8 9 9 9 9 9 9
 8 1 1 1 1 1 8 8 4 9 9 9 9 9 9
 8 1 1 8 8 5 5 5 9 9 9 9 9 9 9
 8 1 8 8 8 5 8 9 9 9 9 9 9 9 9
 9 8 8 8 8 5 9 9 9 9 9 9 9 9 9
 9 9 8 8 8 9 9 9 9 9 9 9 9 9 9
 9 9 9 8 9 9 9 9 9 9 9 9 9 9 9
 9 9 9 9 9 9 9 9 9 9 9 9 9 9 9
 9 9 9 9 9 9 9 9 9 9 9 9 9 9 9
# Turn information for samurai of side 0 with weapon 2
# <turn>
28
# <cure period>
0
# Samurai states: <position x> <position y> <hiding>
1 3 0
3 8 0
7 3 0
-1 -1 1
-1 -1 1
6 9 0
# Battle field states
 8 8 0 0 9 0 2 8 2 8 9 9 9 9 9
 8 8 0 0 0 0 2 2 2 8 8 9 9 9 9
 8 8 0 0 0 0 2 2 2 8 8 8 9 9 9
 8 8 0 0 0 0 2 2 2 8 8 8 8 9 9
 8 8 8 8 8 8 2 2 2 8 4 8 9 9 9
 8 8 1 1 8 8 8 8 8 4 4 9 9 9 9
 8 1 1 1 1 8 8 8 4 4 9 9 9 9 9
 8 1 1 1 1 1 8 8 4 9 9 9 9 9 9
 8 1 1 8 1 1 5 5 5 9 9 9 9 9 9
 8 1 8 1 1 5 8 5 9 9 9 9 9 9 9
 8 8 8 1 8 5 5 9 9 9 9 9 9 9 9
 9 8 8 8 8 8 9 9 9 9 9 9 9 9 9
 9 9 8 8 8 9 9 9 9 9 9 9 9 9 9
 9 9 9 8 9 9 9 9 9 9 9 9 9 9 9
 9 9 9 9 9 9 9 9 9 9 9 9 9 9 9
# Turn information for samurai of side 0 with weapon 2
# <turn>
35
# <cure period>
0
# Samurai states: <position x> <position y> <hiding>
1 4 0
4 8 1
7 4 1
-1 -1 1
-1 -1 1
-1 -1 1
# Battle field states
 8 0 0 9 9 9 2 8 2 9 9 9 9 9 9
 8 0 0 0 9 0 2 2 2 8 9 9 9 9 9
 8 0 0 0 0 0 2 2 2 8 8 9 9 9 9
 8 0 0 0 0 0 2 2 2 8 8 8 9 9 9
 8 8 8 8 8 8 2 2 2 8 4 8 8 9 9
 8 8 1 1 8 5 5 5 2 4 4 4 9 9 9
 8 1 1 1 1 8 8 5 4 4 4 9 9 9 9
 8 1 1 1 1 5 5 5 4 4 9 9 9 9 9
 8 1 1 8 1 1 1 5 5 4 9 9 9 9 9
 8 1 8 1 1 1 8 5 5 9 9 9 9 9 9
 9 8 8 1 1 5 5 5 9 9 9 9 9 9 9
 9 9 8 8 8 8 8 9 9 9 9 9 9 9 9
 9 9 9 8 8 8 9 9 9 9 9 9 9 9 9
 9 9 9 9 8 9 9 9 9 9 9 9 9 9 9
 9 9 9 9 9 9 9 9 9 9 9 9 9 9 9
# Turn information for samurai of side 0 with weapon 2
# <turn>
40
# <cure period>
0
# Samurai states: <position x> <position y> <hiding>
2 4 1
5 8 0
7 5 0
-1 -1 1
-1 -1 1
-1 -1 1
# Battle field states
 9 0 0 0 9 9 9 8 9 9 9 9 9 9 9
 8 0 0 0 0 9 2 2 2 9 9 9 9 9 9
 8 0 0 0 0 0 2 2 2 8 9 9 9 9 9
 8 0 0 0 0 0 2 2 2 8 8 9 9 9 9
 8 8 0 0 0 0 2 2 2 8 4 8 9 9 9
 8 8 1 1 8 5 2 5 2 4 4 4 3 9 9
 8 1 1 1 1 1 2 2 2 4 4 4 9 9 9
 8 1 1 1 1 1 1 5 4 4 4 9 9 9 9
 8 1 1 8 1 1 1 1 5 4 4 9 9 9 9
 9 1 8 1 1 1 8 5 5 8 9 9 9 9 9
 9 9 8 1 1 5 5 5 5 9 9 9 9 9 9
 9 9 9 8 8 8 8 8 9 9 9 9 9 9 9
 9 9 9 9 8 8 5 9 9 9 9 9 9 9 9
 9 9 9 9 9 8 9 9 9 9 9 9 9 9 9
 9 9 9 9 9 9 9 9 9 9 9 9 9 9 9
# Turn information for samurai of side 0 with weapon 2
# <turn>
47
# <cure period>
18
# Samurai states: <position x> <position y> <hiding>
2 5 0
5 9 0
7 0 0
-1 -1 1
-1 -1 1
-1 -1 1
# Battle field states
 9 9 0 0 0 0 2 8 2 8 8 8 8 9 9
 9 0 0 0 0 0 2 2 2 8 8 8 9 9 9
 8 0 0 0 0 0 2 2 2 8 8 9 9 9 9
 8 0 0 0 0 0 2 2 2 8 9 9 9 9 9
 8 8 0 0 0 0 2 2 2 9 9 9 9 9 9
 8 8 1 0 0 0 0 2 9 9 9 9 9 9 9
 8 1 1 1 1 1 2 4 9 9 9 9 9 9 9
 8 1 1 1 1 1 1 5 4 9 9 9 9 9 9
 8 1 1 8 1 1 1 1 5 4 9 9 9 9 9
 8 1 8 1 1 1 1 1 5 8 4 9 9 9 9
 9 8 8 1 1 1 1 5 5 3 9 9 9 9 9
 9 9 8 8 8 1 8 8 8 9 9 9 9 9 9
 9 9 9 8 8 8 5 5 9 9 9 9 9 9 9
 9 9 9 9 8 8 5 9 9 9 9 9 9 9 9
 9 9 9 9 9 8 9 9 9 9 9 9 9 9 9
# Turn information for samurai of side 0 with weapon 2
# <turn>
52
# <cure period>
13
# Samurai states: <position x> <position y> <hiding>
2 6 1
6 7 1
7 0 0
9 9 0
-1 -1 1
-1 -1 1
# Battle field states
 9 9 0 0 0 0 2 8 2 8 8 8 8 9 9
 9 9 0 0 0 0 2 2 2 8 8 8 9 9 9
 9 0 0 0 0 0 2 2 2 8 8 9 9 9 9
 8 0 0 0 0 0 2 2 2 8 9 9 9 9 9
 8 8 0 0 0 0 2 2 2 9 9 9 9 9 9
 8 8 1 0 0 0 0 2 4 4 9 9 9 9 9
 8 1 1 1 1 1 2 4 4 4 4 9 9 9 9
 8 1 0 1 1 1 1 4 4 4 4 4 9 9 9
 8 1 0 8 1 1 1 1 5 4 4 9 9 9 9
 8 1 0 1 1 1 1 1 5 8 9 9 9 9 9
 9 8 0 1 1 1 1 5 5 9 9 9 9 9 9
 9 9 8 9 9 1 8 8 9 9 9 9 9 9 9
 9 9 9 9 9 9 5 9 9 9 9 9 9 9 9
 9 9 9 9 9 9 9 9 9 9 9 9 9 9 9
 9 9 9 9 9 9 9 9 9 9 9 9 9 9 9
# Turn information for samurai of side 0 with weapon 2
# <turn>
59
# <cure period>
6
# Samurai states: <position x> <position y> <hiding>
3 6 0
7 7 0
7 0 0
-1 -1 1
-1 -1 1
-1 -1 1
# Battle field states
 9 9 0 0 0 0 2 8 2 8 8 8 8 9 9
 9 9 9 0 0 0 2 2 2 8 8 8 9 9 9
 9 9 0 0 0 0 2 2 2 8 8 9 9 9 9
 9 0 0 0 0 0 2 2 2 8 9 9 9 9 9
 8 8 0 0 0 0 2 2 2 4 9 9 9 9 9
 8 8 1 0 0 0 0 2 4 4 4 9 9 9 9
 8 1 1 1 0 0 0 0 4 4 4 4 9 9 9
 8 1 0 1 1 1 1 4 1 1 4 4 4 9 9
 8 1 0 8 1 1 1 1 1 4 4 4 9 9 9
 9 1 0 1 1 3 3 1 3 8 4 9 9 9 9
 9 9 0 1 1 1 1 5 5 3 9 9 9 9 9
 9 9 9 8 9 9 8 8 8 9 9 9 9 9 9
 9 9 9 9 9 9 9 5 9 9 9 9 9 9 9
 9 9 9 9 9 9 9 9 9 9 9 9 9 9 9
 9 9 9 9 9 9 9 9 9 9 9 9 9 9 9
# Turn information for samurai of side 0 with weapon 2
# <turn>
64
# <cure period>
1
# Samurai states: <position x> <position y> <hiding>
3 7 1
7 6 0
7 0 0
10 8 0
-1 -1 1
-1 -1 1
# Battle field states
 9 9 0 0 0 0 2 8 2 8 8 8 8 9 9
 9 9 9 0 0 0 2 2 2 8 8 8 9 9 9
 9 9 9 0 0 0 2 2 2 8 8 9 9 9 9
 9 9 0 0 0 0 2 2 2 8 9 9 9 9 9
 9 8 0 0 0 0 2 2 2 4 4 9 9 9 9
 8 8 1 0 0 0 0 2 4 4 4 4 9 9 9
 8 1 1 1 0 0 0 0 1 1 4 4 3 9 9
 8 1 0 1 1 1 1 1 1 1 4 4 9 9 9
 8 1 0 0 1 1 3 1 3 3 4 9 9 9 9
 8 1 0 0 1 3 3 1 3 8 9 9 9 9 9
 9 8 0 0 1 1 1 5 5 9 9 9 9 9 9
 9 9 8 0 8 9 9 8 9 9 9 9 9 9 9
 9 9 9 8 9 9 9 9 9 9 9 9 9 9 9
 9 9 9 9 9 9 9 9 9 9 9 9 9 9 9
 9 9 9 9 9 9 9 9 9 9 9 9 9 9 9
# Turn information for samurai of side 0 with weapon 2
# <turn>
71
# <cure period>
0
# Samurai states: <position x> <position y> <hiding>
4 7 0
8 6 0
7 0 0
-1 -1 1
-1 -1 1
-1 -1 1
# Battle field states
 9 9 0 0 0 0 2 8 2 8 8 8 8 9 9
 9 9 9 0 0 0 2 2 2 8 8 8 9 9 9
 9 9 9 9 0 0 2 2 2 8 8 9 9 9 9
 9 9 9 0 0 0 2 2 2 8 8 9 9 9 9
 9 9 0 0 0 0 2 2 2 4 4 8 9 9 9
 9 8 1 0 0 0 0 2 4 4 4 4 3 9 9
 8 1 1 1 0 0 0 0 1 1 1 4 3 4 9
 8 1 0 1 1 0 0 0 1 1 4 4 4 9 9
 8 1 0 0 1 1 3 1 1 3 4 4 9 9 9
 9 1 0 0 1 5 5 5 3 8 4 9 9 9 9
 9 9 0 0 1 5 5 5 5 3 9 9 9 9 9
 9 9 9 0 8 5 9 9 8 9 9 9 9 9 9
 9 9 9 9 8 9 9 9 9 9 9 9 9 9 9
 9 9 9 9 9 9 9 9 9 9 9 9 9 9 9
 9 9 9 9 9 9 9 9 9 9 9 9 9 9 9
# Turn information for samurai of side 0 with weapon 2
# <turn>
76
# <cure period>
0
# Samurai states: <position x> <position y> <hiding>
5 7 1
0 7 0
8 0 0
-1 -1 1
-1 -1 1
-1 -1 1
# Battle field states
 9 9 9 0 0 0 2 8 2 2 8 8 8 8 9
 9 9 9 9 0 0 2 2 2 2 8 8 8 9 9
 8 9 9 9 9 0 2 2 2 8 8 8 9 9 9
 8 0 9 9 0 0 2 2 2 8 8 9 9 9 9
 8 8 0 0 0 0 2 2 2 4 9 9 9 9 9
 8 8 1 0 0 0 0 2 4 9 9 9 9 9 9
 8 1 1 1 0 0 3 3 3 3 9 9 9 9 9
 8 1 0 1 1 0 0 0 1 1 4 9 9 9 9
 8 1 0 0 1 0 3 1 1 3 9 9 9 9 9
 8 1 0 0 1 0 5 5 3 9 9 9 9 9 9
 8 8 0 0 1 0 5 5 9 9 9 9 9 9 9
 8 8 9 9 8 0 5 9 9 9 9 9 9 9 9
 8 9 9 9 9 5 9 9 9 9 9 9 9 9 9
 9 9 9 9 9 9 9 9 9 9 9 9 9 9 9
 9 9 9 9 9 9 9 9 9 9 9 9 9 9 9
# Turn information for samurai of side 0 with weapon 2
# <turn>
83
# <cure period>
0
# Samurai states: <position x> <position y> <hiding>
5 8 0
0 7 0
9 0 1
-1 -1 1
-1 -1 1
2 10 0
# Battle field states
 9 9 9 9 0 0 2 8 2 2 2 8 8 8 8
 9 9 9 9 9 0 2 2 2 2 2 8 8 8 9
 8 9 9 9 9 9 2 2 2 8 8 8 8 9 9
 8 0 9 9 9 0 9 2 2 8 8 8 9 9 9
 8 8 0 9 0 0 2 9 2 4 4 9 9 9 9
 8 8 1 0 0 0 0 2 9 4 9 9 9 9 9
 8 1 1 1 0 0 3 3 3 9 9 9 9 9 9
 8 1 0 1 1 0 0 0 1 1 9 9 9 9 9
 8 1 0 0 1 0 0 0 0 0 4 9 9 9 9
 8 5 5 5 1 0 5 5 3 8 9 9 9 9 9
 8 8 0 5 1 0 5 5 5 9 9 9 9 9 9
 8 5 9 5 8 0 5 5 9 9 9 9 9 9 9
 8 9 9 9 8 5 5 9 9 9 9 9 9 9 9
 9 9 9 9 9 8 9 9 9 9 9 9 9 9 9
 9 9 9 9 9 9 9 9 9 9 9 9 9 9 9
# Turn information for samurai of side 0 with weapon 2
# <turn>
88
# <cure period>
0
# Samurai states: <position x> <position y> <hiding>
6 8 0
0 7 0
9 1 0
-1 -1 1
-1 -1 1
2 10 0
# Battle field states
 9 9 9 9 9 0 2 8 2 2 2 8 8 8 9
 9 9 9 9 0 0 2 2 2 2 2 8 8 3 8
 8 9 9 9 9 0 2 2 2 2 2 8 8 3 9
 8 0 9 9 9 9 2 2 2 8 8 8 3 9 9
 8 8 0 9 9 0 2 2 2 4 4 8 9 9 9
 8 8 1 0 0 0 0 2 4 4 4 9 9 9 9
 8 1 1 1 0 0 3 3 3 3 9 9 9 9 9
 8 1 0 1 1 0 0 0 1 1 4 9 9 9 9
 8 1 0 0 1 0 0 0 0 0 4 4 9 9 9
 8 5 5 5 1 0 0 5 3 8 4 9 9 9 9
 8 8 0 5 1 0 0 5 5 3 9 9 9 9 9
 8 5 9 9 8 0 0 5 8 9 9 9 9 9 9
 8 9 9 9 9 5 0 5 9 9 9 9 9 9 9
 9 9 9 9 9 9 5 9 9 9 9 9 9 9 9
 9 9 9 9 9 9 9 9 9 9 9 9 9 9 9
# Turn information for samurai of side 0 with weapon 2
# <turn>
95
# <cure period>
0
# Samurai states: <position x> <position y> <hiding>
7 8 0
0 7 0
10 1 0
-1 -1 1
10 7 0
3 9 0
# Battle field states
 9 9 9 9 9 9 2 8 2 2 2 2 8 8 8
 9 9 9 9 9 0 2 2 2 2 2 2 8 3 3
 8 9 9 9 9 9 2 2 2 2 2 2 8 3 3
 8 0 9 9 9 9 9 2 2 8 8 8 3 3 9
 8 8 0 9 9 9 2 2 2 4 4 8 3 9 9
 8 8 1 0 9 0 0 2 4 4 4 4 9 9 9
 8 1 1 1 0 0 3 3 3 4 4 9 9 9 9
 8 1 0 1 1 0 0 0 4 4 4 4 9 9 9
 8 1 5 5 5 0 0 0 0 0 4 4 4 9 9
 8 5 5 5 5 0 0 0 3 8 4 8 9 9 9
 8 8 5 9 5 0 0 0 5 3 3 9 9 9 9
 8 5 9 9 9 0 0 0 8 3 9 9 9 9 9
 8 9 9 9 9 9 0 0 5 9 9 9 9 9 9
 9 9 9 9 9 9 9 8 9 9 9 9 9 9 9
 9 9 9 9 9 9 9 9 9 9 9 9 9 9 9
