# <# turns> <side> <weapon> <width> <height> <cure period>
96 1 0 15 15 20
# Home positions
14 14
14 7
7 14
0 0
0 7
7 0
# Ranks and scores of samurai
0 0
0 0
0 0
0 0
0 0
0 0
# Turn information for samurai of side 1 with weapon 0
# <turn>
1
# <cure period>
0
# Samurai states: <position x> <position y> <hiding>
14 14 0
14 7 0
7 14 0
-1 -1 1
-1 -1 1
-1 -1 1
# Battle field states
 9 9 9 9 9 9 9 9 9 9 9 9 9 9 9
 9 9 9 9 9 9 9 9 9 9 9 9 9 9 9
 9 9 9 9 9 9 9 9 9 9 9 9 9 9 8
 9 9 9 9 9 9 9 9 9 9 9 9 9 8 8
 9 9 9 9 9 9 9 9 9 9 9 9 8 8 8
 9 9 9 9 9 9 9 9 9 9 9 8 8 8 8
 9 9 9 9 9 9 9 9 9 9 8 8 8 8 8
 9 9 9 9 9 9 9 9 9 8 8 8 8 8 8
 9 9 9 9 9 9 9 9 9 9 8 8 8 8 8
 9 9 9 9 9 9 9 8 9 9 9 8 8 8 8
 9 9 9 9 9 9 8 8 8 9 9 9 8 8 8
 9 9 9 9 9 8 8 8 8 8 9 9 8 8 8
 9 9 9 9 8 8 8 8 8 8 8 8 8 8 8
 9 9 9 8 8 8 8 8 8 8 8 8 8 8 8
 9 9 8 8 8 8 8 8 8 8 8 8 8 8 8
# Turn information for samurai of side 1 with weapon 0
# <turn>
6
# <cure period>
0
# Samurai states: <position x> <position y> <hiding>
13 14 0
13 7 0
7 13 0
-1 -1 1
-1 -1 1
-1 -1 1
# Battle field states
 9 9 9 9 9 9 9 9 9 9 9 9 9 9 9
 9 9 9 9 9 9 9 9 9 9 9 9 9 9 9
 9 9 9 9 9 9 9 9 9 9 9 9 9 8 9
 9 9 9 9 9 9 9 9 9 9 9 9 8 8 8
 9 9 9 9 9 9 9 9 9 9 9 8 8 8 8
 9 9 9 9 9 9 9 9 9 9 8 8 8 8 8
 9 9 9 9 9 9 9 9 9 8 8 8 8 8 8
 9 9 9 9 9 9 9 9 8 8 8 1 1 8 8
 9 9 9 9 9 9 9 8 9 8 8 8 1 1 8
 9 9 9 9 9 9 8 8 8 9 8 8 8 1 8
 9 9 9 9 9 8 8 8 8 8 9 8 8 8 0
 9 9 9 9 8 8 8 8 8 8 8 8 8 8 0
 9 9 9 8 8 8 2 2 2 8 8 8 8 8 0
 9 9 8 8 8 8 2 8 2 8 8 8 8 8 0
 9 9 9 8 8 8 2 8 2 8 8 8 8 8 8
# Turn information for samurai of side 1 with weapon 0
# <turn>
13
# <cure period>
0
# Samurai states: <position x> <position y> <hiding>
12 14 0
13 6 0
7 10 0
-1 -1 1
-1 -1 1
-1 -1 1
# Battle field states
 9 9 9 9 9 9 9 9 9 9 9 9 9 9 9
 9 9 9 9 9 9 9 9 9 9 9 9 9 8 9
 9 9 9 9 9 9 9 9 9 9 9 9 8 8 8
 9 9 9 9 9 9 9 9 9 9 9 8 8 8 8
 9 9 9 9 9 9 9 9 9 9 8 8 8 1 8
 9 9 9 9 9 9 9 8 9 8 8 8 1 1 8
 9 9 9 9 9 9 8 8 8 8 8 1 1 8 8
 9 9 9 9 9 8 8 8 8 8 8 1 1 8 8
 9 9 9 9 8 8 8 8 8 8 8 8 1 1 8
 9 9 9 8 8 8 8 8 8 8 8 8 8 1 8
 9 9 8 8 8 8 8 8 8 8 8 8 8 0 0
 9 9 9 8 8 8 8 8 8 8 8 8 8 0 0
 9 9 9 9 8 8 2 2 2 8 8 8 8 0 0
 9 9 9 9 9 8 2 8 2 8 8 8 8 0 0
 9 9 9 9 9 9 2 8 2 8 8 8 8 8 8
# Turn information for samurai of side 1 with weapon 0
# <turn>
18
# <cure period>
0
# Samurai states: <position x> <position y> <hiding>
12 13 0
12 6 1
7 9 0
-1 -1 1
-1 -1 1
-1 -1 1
# Battle field states
 9 9 9 9 9 9 9 9 9 9 9 9 9 9 9
 9 9 9 9 9 9 9 9 9 9 9 9 8 9 9
 9 9 9 9 9 9 9 9 9 9 9 8 8 8 9
 9 9 9 9 9 9 9 9 9 9 8 8 8 8 8
 9 9 9 9 9 9 9 8 9 8 8 8 1 1 8
 9 9 9 9 9 9 8 8 8 8 8 1 1 1 8
 9 9 9 9 9 8 8 8 8 8 1 1 1 8 8
 9 9 9 9 4 8 8 8 8 8 8 1 1 8 8
 9 9 9 8 8 8 8 8 8 8 8 8 1 1 8
 9 9 8 8 8 8 2 8 2 8 8 8 0 1 8
 9 9 9 8 8 8 2 8 2 8 8 8 0 0 0
 9 9 9 9 8 8 2 2 2 8 8 8 0 0 0
 9 9 9 9 9 8 2 2 2 8 8 8 0 0 0
 9 9 9 9 9 9 2 8 2 8 8 8 8 0 0
 9 9 9 9 9 9 9 8 2 8 8 8 8 8 8
# Turn information for samurai of side 1 with weapon 0
# <turn>
25
# <cure period>
0
# Samurai states: <position x> <position y> <hiding>
11 13 0
11 6 0
6 9 1
-1 -1 1
2 8 0
-1 -1 1
# Battle field states
 9 9 9 9 9 9 9 9 9 9 9 9 9 9 9
 9 9 9 9 9 9 9 9 9 9 9 8 9 9 9
 9 9 9 9 9 9 9 9 9 9 8 8 8 9 9
 9 9 9 9 9 9 9 9 9 8 8 8 8 8 9
 9 9 9 9 9 9 5 9 5 8 8 1 1 1 8
 9 9 9 9 9 8 8 8 8 8 1 1 1 1 8
 9 9 9 9 8 8 8 8 8 1 1 1 1 8 8
 9 9 9 4 4 8 8 8 8 8 8 1 1 8 8
 9 9 8 8 8 2 2 2 8 8 8 8 1 1 8
 9 4 4 8 8 2 2 2 2 8 8 0 0 1 9
 9 9 4 8 8 2 2 2 2 8 8 0 0 0 9
 9 9 9 8 8 8 2 2 2 8 8 0 0 0 0
 9 9 9 9 8 8 2 2 2 8 8 0 0 0 0
 9 9 9 9 9 8 2 8 2 8 8 8 8 0 0
 9 9 9 9 9 9 2 8 2 8 8 8 8 8 8
# Turn information for samurai of side 1 with weapon 0
# <turn>
30
# <cure period>
0
# Samurai states: <position x> <position y> <hiding>
10 13 0
10 6 1
6 6 0
-1 -1 1
3 8 0
-1 -1 1
# Battle field states
 9 9 9 9 9 9 9 9 9 9 9 9 9 9 9
 9 9 9 9 9 9 5 9 9 9 8 9 9 9 9
 9 9 9 9 9 3 5 5 9 8 8 8 9 9 9
 9 9 9 9 8 8 5 5 5 8 8 8 8 9 9
 9 9 9 8 8 8 5 5 5 8 8 1 1 1 9
 9 9 4 8 8 8 5 5 5 8 1 1 1 1 8
 9 4 4 4 8 8 8 8 1 1 1 1 1 8 8
 9 9 4 4 4 8 8 8 8 1 1 1 1 8 8
 9 9 9 8 4 4 2 2 8 8 1 8 1 1 9
 9 9 9 9 4 2 2 2 2 8 0 0 0 9 9
 9 9 9 9 9 2 2 2 2 8 0 0 0 9 9
 9 9 9 9 9 9 2 2 2 8 0 0 0 0 9
 9 9 9 9 9 9 2 2 2 8 0 0 0 0 0
 9 9 9 9 9 8 2 8 2 8 8 8 8 0 0
 9 9 9 9 9 9 2 8 2 8 8 8 8 8 8
# Turn information for samurai of side 1 with weapon 0
# <turn>
37
# <cure period>
0
# Samurai states: <position x> <position y> <hiding>
9 13 0
9 7 1
7 14 0
-1 -1 1
-1 -1 1
-1 -1 1
# Battle field states
 9 9 9 9 9 9 9 9 9 9 9 9 9 9 9
 9 9 9 9 9 9 9 9 9 9 9 9 9 9 9
 9 9 9 9 9 9 9 9 9 8 9 9 9 9 9
 9 9 9 9 9 9 9 9 5 8 8 9 9 9 9
 9 9 9 9 9 9 9 5 5 8 8 1 9 9 9
 9 9 9 9 9 9 5 5 5 8 1 1 1 9 9
 9 9 9 9 9 2 8 8 1 1 1 1 1 8 9
 9 9 9 9 4 2 2 2 8 1 1 1 1 8 8
 9 9 9 9 9 4 4 2 8 8 1 8 1 1 9
 9 9 9 9 9 9 2 2 2 0 0 0 0 9 9
 9 9 9 9 9 9 2 2 2 0 0 0 9 9 9
 9 9 9 9 9 8 2 2 2 0 0 0 0 9 9
 9 9 9 9 8 8 2 2 2 0 0 0 0 0 9
 9 9 9 8 8 8 2 8 2 8 8 8 8 0 0
 9 9 8 8 8 8 2 8 2 8 8 8 8 8 9
# Turn information for samurai of side 1 with weapon 0
# <turn>
42
# <cure period>
0
# Samurai states: <position x> <position y> <hiding>
8 13 1
10 5 0
7 14 0
-1 -1 1
-1 -1 1
6 5 0
# Battle field states
 9 9 9 9 9 9 9 9 9 9 8 9 9 9 9
 9 9 9 9 9 9 9 9 9 8 8 8 9 9 9
 9 9 9 9 9 9 9 9 5 8 8 8 8 9 9
 9 9 9 9 9 9 9 5 5 8 8 8 8 8 9
 9 9 9 9 9 9 5 5 5 8 8 1 1 1 8
 9 9 9 9 9 5 5 5 5 8 1 1 1 1 8
 9 9 9 9 9 9 5 5 1 1 1 1 1 8 8
 9 9 9 9 9 9 9 2 8 1 1 1 1 8 9
 9 9 9 9 9 9 9 9 8 8 1 8 1 9 9
 9 9 9 9 9 9 9 2 2 0 0 0 9 9 9
 9 9 9 9 9 9 2 2 2 0 0 9 9 9 9
 9 9 9 9 9 8 2 2 2 0 0 0 9 9 9
 9 9 9 9 8 8 2 2 2 0 0 0 0 9 9
 9 9 9 8 8 8 2 8 2 0 0 0 0 0 9
 9 9 8 8 8 8 2 8 2 8 8 8 8 9 9
# Turn information for samurai of side 1 with weapon 0
# <turn>
49
# <cure period>
0
# Samurai states: <position x> <position y> <hiding>
7 13 0
11 5 1
7 14 0
-1 -1 1
-1 -1 1
-1 -1 1
# Battle field states
 9 9 9 9 9 9 9 9 9 9 9 8 9 9 9
 9 9 9 9 9 9 9 9 9 9 8 8 8 9 9
 9 9 9 9 9 9 9 9 9 3 8 8 8 8 9
 9 9 9 9 9 9 9 9 3 3 1 8 8 8 8
 9 9 9 9 9 9 9 5 5 1 1 1 1 1 8
 9 9 9 9 9 9 5 5 1 1 1 1 1 1 8
 9 9 9 9 9 9 9 5 1 1 1 1 1 8 8
 9 9 9 9 9 9 9 9 8 1 1 1 1 8 8
 9 9 9 9 9 9 9 4 9 8 1 8 1 1 9
 9 9 9 9 9 9 4 4 2 9 0 0 0 9 9
 9 9 9 9 9 4 4 2 2 0 9 0 9 9 9
 9 9 9 9 8 4 2 2 2 0 0 9 9 9 9
 9 9 9 8 8 8 2 2 2 0 0 0 9 9 9
 9 9 8 8 0 0 0 0 2 0 0 0 0 9 9
 9 9 8 8 8 8 2 8 2 8 8 8 8 9 9
# Turn information for samurai of side 1 with weapon 0
# <turn>
54
# <cure period>
0
# Samurai states: <position x> <position y> <hiding>
7 12 1
11 4 0
7 14 0
-1 -1 1
5 10 0
-1 -1 1
# Battle field states
 9 9 9 9 9 9 9 9 9 9 8 8 8 9 9
 9 9 9 9 9 9 9 9 9 8 8 8 8 8 9
 9 9 9 9 9 9 9 9 3 3 8 1 8 8 8
 9 9 9 9 9 9 9 3 3 3 1 1 1 8 8
 9 9 9 9 9 9 5 5 5 1 1 1 1 1 8
 9 9 9 9 9 9 9 5 5 1 1 1 1 1 8
 9 9 9 9 9 9 9 9 5 1 1 1 1 8 8
 9 9 9 9 9 9 9 5 9 1 1 1 1 8 9
 9 9 9 9 9 9 4 0 8 9 1 8 1 9 9
 9 9 9 9 9 4 4 0 2 0 9 0 9 9 9
 9 9 9 9 4 4 4 4 2 0 0 9 9 9 9
 9 9 9 8 8 4 4 0 2 0 0 0 9 9 9
 9 9 8 8 8 4 2 2 2 0 0 0 0 9 9
 9 9 9 8 0 0 0 0 2 0 0 0 9 9 9
 9 9 8 8 8 8 2 8 2 8 8 8 8 9 9
# Turn information for samurai of side 1 with weapon 0
# <turn>
61
# <cure period>
0
# Samurai states: <position x> <position y> <hiding>
8 11 1
11 3 1
5 13 1
-1 -1 1
-1 -1 1
-1 -1 1
# Battle field states
 9 9 9 9 9 9 9 9 9 8 8 8 8 8 9
 9 9 9 9 9 9 9 9 5 8 8 1 8 8 8
 9 9 9 9 9 9 9 3 3 3 1 1 8 8 8
 9 9 9 9 9 9 3 3 3 1 1 1 1 8 8
 9 9 9 9 9 9 9 3 3 3 1 1 1 1 8
 9 9 9 9 9 9 9 9 5 5 1 1 1 1 8
 9 9 9 9 9 9 9 9 5 5 1 1 1 8 9
 9 9 9 9 9 9 9 5 5 5 1 1 1 9 9
 9 9 9 9 9 4 4 0 8 8 1 8 9 9 9
 9 9 9 9 4 4 4 0 2 0 0 0 9 9 9
 9 9 9 4 4 4 4 4 4 0 0 0 0 9 9
 9 9 8 8 8 4 4 4 2 0 0 0 0 0 9
 9 8 8 8 8 4 4 2 2 0 0 0 0 9 9
 8 8 8 8 0 0 0 0 2 0 0 0 9 9 9
 9 8 8 8 8 8 2 8 2 8 8 9 9 9 9
# Turn information for samurai of side 1 with weapon 0
# <turn>
66
# <cure period>
0
# Samurai states: <position x> <position y> <hiding>
8 10 0
11 1 1
4 13 0
-1 -1 1
-1 -1 1
6 7 0
# Battle field states
 9 9 9 9 9 9 9 8 5 8 8 8 8 8 8
 9 9 9 9 9 9 5 5 5 8 8 1 8 8 8
 9 9 9 9 9 9 9 3 3 3 1 1 8 8 8
 9 9 9 9 9 9 9 9 3 1 1 1 1 8 8
 9 9 9 9 9 9 9 9 9 3 1 1 1 1 9
 9 9 9 9 9 9 9 9 5 9 1 1 1 9 9
 9 9 9 9 9 9 9 5 5 5 9 1 9 9 9
 9 9 9 9 9 9 5 5 5 5 1 9 9 9 9
 9 9 9 9 4 4 4 0 8 8 1 8 9 9 9
 9 9 9 4 4 4 4 0 2 0 0 0 0 9 9
 9 9 4 4 0 0 0 0 4 0 0 0 0 0 9
 9 8 8 8 8 4 4 4 2 0 0 0 0 9 9
 8 8 8 2 2 2 4 2 2 0 0 0 9 9 9
 8 8 8 2 0 0 0 0 2 0 0 9 9 9 9
 8 8 8 2 2 2 2 8 2 8 9 9 9 9 9
# Turn information for samurai of side 1 with weapon 0
# <turn>
73
# <cure period>
0
# Samurai states: <position x> <position y> <hiding>
8 11 1
10 1 0
1 13 0
-1 -1 1
-1 -1 1
6 8 0
# Battle field states
 9 9 9 9 9 9 5 8 5 1 1 8 8 8 8
 9 9 9 9 9 3 5 5 1 1 8 1 8 8 8
 9 9 9 9 9 9 3 3 3 3 1 1 8 8 8
 9 9 9 9 9 9 9 3 3 1 1 1 1 8 9
 9 9 9 9 9 9 9 9 3 3 1 1 1 9 9
 9 9 9 9 9 9 9 9 9 3 3 1 9 9 9
 9 9 9 9 9 9 9 9 3 9 3 9 9 9 9
 9 9 9 9 9 9 9 5 5 5 9 9 9 9 9
 9 4 9 9 9 9 4 5 8 8 1 9 9 9 9
 8 4 4 9 9 5 5 5 2 0 0 0 9 9 9
 8 8 4 4 0 0 0 0 4 0 0 0 0 9 9
 8 8 8 8 0 0 0 0 2 0 0 0 0 0 9
 8 8 8 2 2 2 4 2 2 0 0 0 0 9 9
 8 8 8 2 0 0 0 0 2 0 0 0 9 9 9
 8 8 8 2 2 2 2 8 2 8 8 9 9 9 9
# Turn information for samurai of side 1 with weapon 0
# <turn>
78
# <cure period>
0
# Samurai states: <position x> <position y> <hiding>
7 11 0
10 0 1
1 13 0
-1 -1 1
-1 -1 1
-1 -1 1
# Battle field states
 9 9 9 9 9 3 5 8 5 1 1 1 1 8 8
 9 9 9 9 9 9 5 5 1 1 1 1 8 8 8
 9 9 9 9 9 9 9 3 3 3 1 1 8 8 9
 9 9 9 9 9 9 9 9 3 1 1 1 1 9 9
 9 9 9 9 9 9 9 9 9 3 1 1 9 9 9
 9 9 9 9 9 9 9 9 9 9 3 9 9 9 9
 9 9 9 9 9 9 9 3 9 9 9 9 9 9 9
 9 9 9 9 9 9 5 5 5 9 9 9 9 9 9
 9 4 9 9 9 5 4 5 8 8 9 9 9 9 9
 8 4 4 9 4 5 5 5 2 0 0 9 9 9 9
 8 8 4 4 0 0 0 0 4 0 0 0 9 9 9
 8 8 8 8 0 0 0 0 2 0 0 0 0 9 9
 2 8 2 2 2 2 4 2 2 0 0 0 9 9 9
 2 8 2 2 0 0 0 0 2 0 0 9 9 9 9
 2 2 2 2 2 2 2 8 2 8 9 9 9 9 9
# Turn information for samurai of side 1 with weapon 0
# <turn>
85
# <cure period>
0
# Samurai states: <position x> <position y> <hiding>
7 12 1
8 0 0
0 12 1
7 7 0
0 7 0
5 9 0
# Battle field states
 9 9 9 8 8 3 5 8 5 1 1 1 1 8 9
 9 9 9 9 3 3 5 5 1 1 1 1 8 9 9
 9 9 9 9 9 3 3 3 3 3 1 1 9 9 9
 9 9 9 9 9 9 3 3 3 1 1 9 9 9 9
 9 9 9 9 9 9 9 3 3 3 9 9 9 9 9
 9 9 9 9 9 9 9 9 3 9 9 9 9 9 9
 9 9 9 9 9 9 9 9 9 9 9 9 9 9 9
 8 9 9 9 9 9 9 3 9 9 9 9 9 9 9
 4 4 9 9 9 9 5 3 8 9 9 9 9 9 9
 8 4 4 9 9 5 5 3 2 0 9 9 9 9 9
 8 8 4 4 5 5 5 3 4 0 0 9 9 9 9
 8 8 8 8 0 0 0 0 2 0 0 0 9 9 9
 2 8 2 2 2 2 4 2 2 0 0 0 0 9 9
 2 8 2 2 0 0 0 0 2 0 0 0 9 9 9
 2 2 2 2 2 2 2 8 2 8 8 9 9 9 9
# Turn information for samurai of side 1 with weapon 0
# <turn>
90
# <cure period>
0
# Samurai states: <position x> <position y> <hiding>
7 11 0
11 0 1
1 11 0
-1 -1 1
0 8 0
-1 -1 1
# Battle field states
 9 9 9 9 9 9 5 8 5 1 1 1 1 8 8
 9 9 9 9 9 9 9 5 1 1 1 1 8 8 8
 9 9 9 9 9 9 9 9 3 3 1 1 8 8 8
 9 9 9 9 9 9 9 9 9 1 1 1 1 8 9
 9 9 9 9 9 9 9 9 9 9 1 1 1 9 9
 9 9 9 9 9 9 9 9 9 9 9 1 9 9 9
 9 4 9 9 9 9 9 3 9 9 9 9 9 9 9
 8 4 4 9 9 9 5 0 3 9 9 9 9 9 9
 4 4 4 5 9 5 5 0 8 8 9 9 9 9 9
 4 4 4 5 5 5 5 0 2 0 0 9 9 9 9
 4 8 4 5 5 5 5 0 4 0 0 0 9 9 9
 8 8 8 8 0 0 0 0 2 0 0 0 0 9 9
 2 8 2 2 2 2 4 2 2 0 0 0 9 9 9
 2 8 2 2 0 0 0 0 2 0 0 9 9 9 9
 2 2 2 2 9 2 2 8 2 8 9 9 9 9 9
