# <# turns> <side> <weapon> <width> <height> <cure period>
96 1 2 15 15 20
# Home positions
14 14
14 7
7 14
0 0
0 7
7 0
# Ranks and scores of samurai
0 0
0 0
0 0
0 0
0 0
0 0
# Turn information for samurai of side 1 with weapon 2
# <turn>
5
# <cure period>
0
# Samurai states: <position x> <position y> <hiding>
14 13 0
13 7 0
7 14 0
-1 -1 1
-1 -1 1
-1 -1 1
# Battle field states
 9 9 9 9 9 9 9 9 9 9 9 9 9 9 9
 9 9 9 9 9 9 9 9 9 9 9 9 9 9 9
 9 9 9 9 9 9 9 9 9 9 9 9 9 8 9
 9 9 9 9 9 9 9 9 9 9 9 9 8 8 8
 9 9 9 9 9 9 9 9 9 9 9 8 8 8 8
 9 9 9 9 9 9 9 9 9 9 8 8 8 8 1
 9 9 9 9 9 9 9 9 9 8 8 8 8 1 1
 9 9 9 9 9 9 9 9 8 8 8 8 1 1 8
 9 9 9 9 9 9 9 9 9 8 8 8 8 8 8
 9 9 9 9 9 9 9 8 9 9 8 8 8 8 8
 9 9 9 9 9 9 8 8 8 9 9 8 8 8 0
 9 9 9 9 9 8 8 8 8 8 9 8 8 8 0
 9 9 9 9 8 8 8 8 8 8 8 8 8 8 0
 9 9 9 8 8 8 8 8 8 8 8 8 8 8 0
 9 9 8 8 8 8 8 8 8 8 8 8 8 8 8
# Turn information for samurai of side 1 with weapon 2
# <turn>
10
# <cure period>
0
# Samurai states: <position x> <position y> <hiding>
13 13 0
12 7 1
7 13 0
-1 -1 1
-1 -1 1
-1 -1 1
# Battle field states
 9 9 9 9 9 9 9 9 9 9 9 9 9 9 9
 9 9 9 9 9 9 9 9 9 9 9 9 9 9 9
 9 9 9 9 9 9 9 9 9 9 9 9 8 9 9
 9 9 9 9 9 9 9 9 9 9 9 8 8 8 9
 9 9 9 9 9 9 9 9 9 9 8 8 8 8 8
 9 9 9 9 9 9 9 9 9 8 8 8 1 8 1
 9 9 9 9 9 9 9 9 8 8 8 1 1 1 1
 9 9 9 9 9 9 9 8 8 8 1 1 1 1 8
 9 9 9 9 9 9 9 8 8 8 8 8 8 8 8
 9 9 9 9 9 9 8 8 8 8 8 8 8 8 8
 9 9 9 9 9 8 8 8 8 8 8 8 8 8 0
 9 9 9 9 8 8 8 8 8 8 8 8 8 8 0
 9 9 9 8 8 8 2 2 2 8 8 8 8 8 0
 9 9 8 8 8 8 2 8 2 8 0 0 0 0 0
 9 9 9 8 8 8 2 8 2 8 8 8 8 8 8
# Turn information for samurai of side 1 with weapon 2
# <turn>
17
# <cure period>
0
# Samurai states: <position x> <position y> <hiding>
12 13 0
12 6 0
7 12 1
-1 -1 1
-1 -1 1
-1 -1 1
# Battle field states
 9 9 9 9 9 9 9 9 9 9 9 9 9 9 9
 9 9 9 9 9 9 9 9 9 9 9 9 8 9 9
 9 9 9 9 9 9 9 9 9 9 9 8 8 8 9
 9 9 9 9 9 9 9 9 9 9 8 8 8 8 8
 9 9 9 9 9 9 9 9 9 8 8 8 8 8 8
 9 9 9 9 9 9 9 9 8 8 8 8 1 8 1
 9 9 9 9 9 9 9 5 5 8 8 1 1 1 1
 9 9 9 9 9 9 9 8 8 8 1 1 1 1 8
 9 9 9 9 9 9 8 8 8 8 8 8 1 1 8
 9 9 9 9 9 8 8 8 8 8 8 8 1 8 8
 9 9 9 9 8 8 8 8 8 8 8 8 0 8 0
 9 9 9 8 8 8 2 2 2 8 8 8 0 8 0
 9 9 8 8 8 8 2 2 2 8 8 8 0 8 0
 9 9 9 8 8 8 2 2 2 8 0 0 0 0 0
 9 9 9 9 8 8 2 8 2 8 8 8 8 8 8
# Turn information for samurai of side 1 with weapon 2
# <turn>
22
# <cure period>
0
# Samurai states: <position x> <position y> <hiding>
11 13 0
12 5 1
7 10 0
-1 -1 1
-1 -1 1
7 5 0
# Battle field states
 9 9 9 9 9 9 9 9 9 9 9 9 8 9 9
 9 9 9 9 9 9 9 9 9 9 9 8 8 8 9
 9 9 9 9 9 9 9 9 9 9 8 8 8 8 8
 9 9 9 9 9 9 9 9 9 8 8 8 1 8 8
 9 9 9 9 9 9 9 9 5 8 8 8 1 1 8
 9 9 9 9 9 9 9 8 8 8 8 8 1 1 1
 9 9 9 9 9 9 5 5 5 8 8 1 1 1 1
 9 9 9 9 9 4 4 8 8 8 1 1 1 1 8
 9 9 9 9 4 8 8 8 8 8 8 8 1 1 8
 9 9 9 4 8 8 8 8 8 8 8 0 1 8 9
 9 9 8 8 8 8 8 8 8 8 8 0 0 8 9
 9 9 9 8 8 8 2 2 2 8 8 0 0 8 0
 9 9 9 9 8 8 2 2 2 8 8 0 0 8 0
 9 9 9 9 9 8 2 2 2 8 0 0 0 0 0
 9 9 9 9 9 9 2 8 2 8 8 8 8 8 8
# Turn information for samurai of side 1 with weapon 2
# <turn>
29
# <cure period>
0
# Samurai states: <position x> <position y> <hiding>
10 13 0
12 6 1
7 11 1
-1 -1 1
-1 -1 1
-1 -1 1
# Battle field states
 9 9 9 9 9 9 9 9 9 9 9 9 9 9 9
 9 9 9 9 9 9 9 9 9 9 9 9 8 9 9
 9 9 9 9 9 9 9 9 9 9 9 8 8 8 9
 9 9 9 9 9 9 9 9 9 9 8 8 1 8 8
 9 9 9 9 9 9 9 9 9 5 8 8 1 1 8
 9 9 9 9 9 9 9 9 5 5 8 8 1 1 1
 9 9 9 9 9 9 9 5 5 5 8 1 1 1 1
 9 9 9 9 9 9 4 4 8 8 1 1 1 1 8
 9 9 9 9 9 4 4 8 8 8 8 8 1 1 8
 9 9 9 9 8 4 2 2 2 8 0 0 1 8 8
 9 9 9 8 8 8 2 8 2 8 0 0 0 8 9
 9 9 8 8 8 8 2 2 2 8 0 0 0 8 9
 9 9 9 8 8 8 2 2 2 8 0 0 0 8 0
 9 9 9 9 8 8 2 2 2 8 0 0 0 0 0
 9 9 9 9 9 8 2 8 2 8 8 8 8 8 8
# Turn information for samurai of side 1 with weapon 2
# <turn>
34
# <cure period>
0
# Samurai states: <position x> <position y> <hiding>
10 14 0
13 7 1
8 10 1
-1 -1 1
-1 -1 1
-1 -1 1
# Battle field states
 9 9 9 9 9 9 9 9 9 9 9 9 9 9 9
 9 9 9 9 9 9 9 9 9 9 9 9 9 9 9
 9 9 9 9 9 9 9 9 9 9 9 9 9 8 9
 9 9 9 9 9 9 9 9 9 9 9 9 1 8 8
 9 9 9 9 9 9 9 9 9 9 9 8 1 1 8
 9 9 9 9 9 9 9 9 5 9 8 8 1 1 1
 9 9 9 9 9 9 9 5 5 5 8 1 1 1 1
 9 9 9 9 9 9 4 4 4 8 1 1 1 1 8
 9 9 9 9 9 4 4 4 8 8 8 8 1 1 8
 9 9 9 9 8 4 4 2 2 8 0 0 1 8 8
 9 9 9 8 8 8 2 8 2 8 0 0 0 8 0
 9 9 9 9 8 8 2 2 2 8 0 0 0 8 0
 9 9 9 9 9 8 2 2 2 8 0 0 0 8 9
 9 9 9 9 9 9 2 2 2 8 0 0 0 0 0
 9 9 9 9 9 8 2 8 2 8 8 0 0 0 8
# Turn information for samurai of side 1 with weapon 2
# <turn>
41
# <cure period>
0
# Samurai states: <position x> <position y> <hiding>
9 14 0
13 6 1
8 11 1
-1 -1 1
6 8 0
12 4 0
# Battle field states
 9 9 9 9 9 9 9 9 9 9 9 9 9 9 9
 9 9 9 9 9 9 9 9 9 9 9 9 9 8 9
 9 9 9 9 9 9 9 9 9 9 9 9 8 8 8
 9 9 9 9 9 9 9 9 9 9 9 5 5 5 8
 9 9 9 9 9 9 9 9 9 9 8 8 1 5 8
 9 9 9 9 9 9 9 9 9 5 8 5 5 5 1
 9 9 9 9 9 9 9 9 5 5 8 1 1 1 1
 9 9 9 9 9 9 9 4 4 8 1 1 1 1 8
 9 9 9 9 9 9 4 4 4 8 8 8 1 1 8
 9 9 9 9 9 4 4 4 2 8 0 0 1 8 8
 9 9 9 9 8 8 4 8 2 0 0 0 0 8 0
 9 9 9 8 8 8 2 2 2 0 0 0 0 8 9
 9 9 9 9 8 8 2 2 2 0 0 0 0 9 9
 9 9 9 9 9 8 2 2 2 0 0 0 0 0 9
 9 9 9 9 8 8 2 8 2 8 8 0 0 0 8
# Turn information for samurai of side 1 with weapon 2
# <turn>
46
# <cure period>
0
# Samurai states: <position x> <position y> <hiding>
9 12 1
13 5 0
10 10 1
-1 -1 1
-1 -1 1
-1 -1 1
# Battle field states
 9 9 9 9 9 9 9 9 9 9 9 9 9 8 9
 9 9 9 9 9 9 9 9 9 9 9 9 8 8 8
 9 9 9 9 9 9 9 9 9 9 9 8 8 8 8
 9 9 9 9 9 9 9 9 9 9 8 5 5 1 8
 9 9 9 9 9 9 9 9 9 5 8 8 1 1 8
 9 9 9 9 9 9 9 9 5 5 8 1 1 5 1
 9 9 9 9 9 9 9 9 9 5 8 1 1 1 1
 9 9 9 9 9 9 9 9 4 8 1 1 1 1 8
 9 9 9 9 9 9 9 4 4 8 8 8 1 1 8
 9 9 9 9 9 9 4 4 4 8 0 0 1 8 8
 9 9 9 9 9 8 4 4 2 0 0 0 0 8 0
 9 9 9 9 9 8 4 2 2 0 0 0 0 8 0
 9 9 9 9 8 8 2 2 2 0 0 0 0 8 0
 9 9 9 9 9 8 2 2 2 0 0 0 0 0 9
 9 9 9 9 9 9 2 8 2 8 8 0 0 9 9
# Turn information for samurai of side 1 with weapon 2
# <turn>
53
# <cure period>
0
# Samurai states: <position x> <position y> <hiding>
8 11 1
13 7 1
13 10 0
-1 -1 1
6 10 0
-1 -1 1
# Battle field states
 9 9 9 9 9 9 9 9 9 9 9 9 9 9 9
 9 9 9 9 9 9 9 9 9 9 9 9 9 9 9
 9 9 9 9 9 9 9 9 9 9 9 9 9 8 9
 9 9 9 9 9 9 9 9 9 9 9 9 5 1 8
 9 9 9 9 9 9 9 9 9 9 9 8 1 1 8
 9 9 9 9 9 9 9 9 9 9 8 1 1 5 1
 9 9 9 9 9 9 9 9 5 5 8 1 1 1 1
 9 9 9 9 9 9 9 4 4 8 1 1 1 1 8
 9 9 9 9 9 9 4 4 4 8 8 8 1 1 8
 9 9 9 9 9 4 4 4 4 8 0 0 1 8 8
 9 9 9 9 8 8 4 4 4 0 0 0 0 8 0
 9 9 9 3 8 8 4 4 2 0 0 0 0 8 0
 9 9 9 9 8 8 4 2 2 0 0 0 0 8 0
 9 9 9 9 9 8 2 2 2 0 0 0 0 0 0
 9 9 9 9 9 9 2 8 2 8 8 9 0 0 8
# Turn information for samurai of side 1 with weapon 2
# <turn>
58
# <cure period>
0
# Samurai states: <position x> <position y> <hiding>
8 10 0
12 5 0
13 9 1
-1 -1 1
-1 -1 1
-1 -1 1
# Battle field states
 9 9 9 9 9 9 9 9 9 9 9 9 8 9 9
 9 9 9 9 9 9 9 9 9 9 9 8 8 8 9
 9 9 9 9 9 9 9 9 9 9 8 8 8 8 8
 9 9 9 9 9 9 9 9 9 5 8 5 5 1 8
 9 9 9 9 9 9 9 9 5 5 8 8 1 1 8
 9 9 9 9 9 9 9 5 5 5 8 1 1 5 1
 9 9 9 9 9 9 9 5 5 5 8 1 1 1 1
 9 9 9 9 9 9 4 4 4 8 1 1 1 1 8
 9 9 9 9 9 4 4 4 4 8 8 8 1 1 8
 9 9 9 9 3 4 4 4 4 8 0 0 2 2 2
 9 9 9 3 3 0 0 0 4 0 0 0 2 8 0
 9 9 9 9 3 8 4 4 2 0 0 0 2 2 2
 9 9 9 9 9 8 4 2 2 0 0 0 0 8 0
 9 9 9 9 9 9 2 2 2 0 0 9 0 0 0
 9 9 9 9 9 9 9 8 2 8 9 9 9 0 9
# Turn information for samurai of side 1 with weapon 2
# <turn>
65
# <cure period>
0
# Samurai states: <position x> <position y> <hiding>
7 10 1
11 5 1
10 9 1
-1 -1 1
-1 -1 1
-1 -1 1
# Battle field states
 9 9 9 9 9 9 9 9 9 9 9 8 9 9 9
 9 9 9 9 9 9 9 9 9 9 8 8 8 9 9
 9 9 9 9 9 9 9 9 9 8 8 8 8 8 9
 9 9 9 9 9 9 9 9 5 5 8 1 5 1 8
 9 9 9 9 9 9 9 5 5 5 8 1 1 1 8
 9 9 9 9 9 9 5 5 5 5 8 1 1 1 1
 9 9 9 9 9 9 5 5 0 5 8 1 1 1 1
 9 9 9 9 9 4 4 4 0 8 1 1 1 1 8
 9 9 9 9 4 4 4 4 0 8 8 8 1 1 8
 9 9 9 3 3 4 4 4 0 8 0 0 2 2 2
 9 9 3 3 3 0 0 0 4 0 0 0 2 8 0
 9 9 9 3 3 8 4 4 2 0 0 0 2 2 9
 9 9 9 9 3 8 4 2 2 0 0 0 0 9 9
 9 9 9 9 9 8 2 2 2 0 0 0 9 9 9
 9 9 9 9 9 9 2 8 2 9 8 9 9 9 9
# Turn information for samurai of side 1 with weapon 2
# <turn>
70
# <cure period>
0
# Samurai states: <position x> <position y> <hiding>
7 10 1
10 5 0
9 10 1
4 8 0
-1 -1 1
-1 -1 1
# Battle field states
 9 9 9 9 9 9 9 9 9 9 8 9 9 9 9
 9 9 9 9 9 9 9 9 9 8 8 8 9 9 9
 9 9 9 9 9 9 9 9 5 8 8 8 8 9 9
 9 9 9 9 9 9 9 5 5 5 8 1 5 1 9
 9 9 9 9 9 9 5 5 5 5 8 1 1 1 8
 9 9 9 9 9 8 5 5 1 1 8 1 1 1 1
 9 9 9 9 9 9 5 0 0 1 1 1 1 1 1
 9 9 9 9 9 4 4 0 0 8 1 1 1 1 9
 9 9 9 9 4 3 3 3 3 8 8 8 1 9 9
 9 9 9 3 3 4 4 0 0 8 0 0 2 2 9
 9 9 3 3 3 0 0 0 4 0 0 0 2 8 0
 9 9 9 3 3 8 4 4 2 0 0 0 2 2 9
 9 9 9 9 3 8 4 2 2 0 0 0 0 9 9
 9 9 9 9 9 8 2 2 2 0 0 0 9 9 9
 9 9 9 9 9 9 2 8 2 8 8 9 9 9 9
# Turn information for samurai of side 1 with weapon 2
# <turn>
77
# <cure period>
0
# Samurai states: <position x> <position y> <hiding>
6 10 0
11 5 1
9 9 0
-1 -1 1
-1 -1 1
8 3 0
# Battle field states
 9 9 9 9 9 9 9 9 9 9 9 8 9 9 9
 9 9 9 9 9 9 9 9 9 9 8 8 8 9 9
 9 9 9 9 9 9 9 9 9 8 8 8 8 8 9
 9 9 9 9 9 9 9 9 5 5 1 1 5 1 8
 9 9 9 9 9 9 9 5 5 1 1 1 1 1 8
 9 9 9 9 9 9 5 5 1 1 8 1 1 1 1
 9 9 9 9 9 4 0 0 0 1 1 1 1 1 1
 9 9 9 9 4 4 0 0 0 8 1 1 1 1 8
 9 9 9 4 4 3 0 3 2 2 2 8 1 1 9
 9 9 3 3 3 4 0 0 0 8 2 0 2 2 2
 9 8 3 3 3 0 0 0 2 2 2 0 2 8 9
 9 9 3 3 3 8 4 4 2 0 0 0 2 9 9
 9 9 9 3 3 8 4 2 2 0 0 0 9 9 9
 9 9 9 9 8 8 2 2 2 0 0 9 9 9 9
 9 9 9 9 9 8 2 8 9 8 9 9 9 9 9
# Turn information for samurai of side 1 with weapon 2
# <turn>
82
# <cure period>
0
# Samurai states: <position x> <position y> <hiding>
14 14 0
11 3 1
10 9 1
-1 -1 1
-1 -1 1
8 3 0
# Battle field states
 9 9 9 9 9 9 9 9 9 5 8 8 8 8 9
 9 9 9 9 9 9 9 9 5 5 8 8 8 8 8
 9 9 9 9 9 9 9 5 5 8 8 8 8 8 8
 9 9 9 9 9 9 8 5 5 5 1 1 5 1 8
 9 9 9 9 9 9 9 5 5 1 1 1 1 1 8
 9 9 9 9 9 9 9 9 1 1 8 1 1 1 1
 9 9 9 9 9 9 9 9 0 1 1 1 1 1 9
 9 9 9 9 9 9 9 0 0 8 1 1 1 1 9
 9 9 9 9 9 9 0 3 2 2 2 2 1 1 8
 9 9 9 9 9 4 0 0 0 2 2 2 2 2 2
 9 9 9 9 9 9 3 0 2 2 2 2 2 8 0
 9 9 9 9 9 9 9 4 2 0 0 0 2 2 2
 9 9 9 9 9 9 9 9 2 0 0 0 0 8 0
 9 9 9 9 9 9 9 9 9 0 0 0 0 0 0
 9 9 9 9 9 9 9 9 9 8 8 0 0 0 8
# Turn information for samurai of side 1 with weapon 2
# <turn>
89
# <cure period>
0
# Samurai states: <position x> <position y> <hiding>
14 14 0
11 3 1
9 9 0
-1 -1 1
-1 -1 1
8 1 0
# Battle field states
 9 9 9 9 9 9 9 9 9 5 8 8 8 8 9
 9 9 9 9 9 9 9 9 5 5 8 1 8 8 8
 9 9 9 9 9 9 9 5 5 8 8 1 1 8 8
 9 9 9 9 9 9 8 5 5 5 1 1 1 1 8
 9 9 9 9 9 9 9 5 5 5 1 1 1 1 8
 9 9 9 9 9 9 9 9 5 5 8 1 1 1 1
 9 9 9 9 9 9 9 0 0 1 1 1 1 1 9
 9 9 9 9 9 9 0 0 0 8 1 1 1 9 9
 9 9 9 9 9 3 0 3 2 2 2 2 1 1 9
 9 9 9 9 3 4 0 0 2 2 2 2 2 2 2
 9 9 9 9 9 3 3 0 2 2 2 2 2 8 0
 9 9 9 9 9 9 4 4 2 0 0 0 2 2 2
 9 9 9 9 9 9 9 2 2 0 0 0 0 8 0
 9 9 9 9 9 9 9 9 2 0 0 0 0 0 0
 9 9 9 9 9 9 9 9 9 8 8 0 0 0 8
# Turn information for samurai of side 1 with weapon 2
# <turn>
94
# <cure period>
0
# Samurai states: <position x> <position y> <hiding>
14 14 0
10 3 0
10 7 1
-1 -1 1
-1 -1 1
8 1 0
# Battle field states
 9 9 9 9 9 9 9 9 5 5 8 8 8 9 9
 9 9 9 9 9 9 9 5 5 5 8 1 8 8 9
 9 9 9 9 9 9 5 5 5 8 8 1 1 8 8
 9 9 9 9 9 3 8 5 1 1 1 1 1 1 8
 9 9 9 9 9 9 5 5 5 1 1 1 1 1 8
 9 9 9 9 9 9 9 5 5 5 1 1 1 1 9
 9 9 9 9 9 9 4 4 0 1 1 1 1 1 1
 9 9 9 9 9 4 4 0 0 8 1 1 1 1 8
 9 9 9 9 9 9 0 3 2 2 2 2 1 1 8
 9 9 9 9 9 9 9 3 2 2 2 2 2 2 2
 9 9 9 9 9 9 9 9 2 2 2 2 2 8 0
 9 9 9 9 9 9 9 9 9 0 0 0 2 2 2
 9 9 9 9 9 9 9 9 9 9 0 0 0 8 0
 9 9 9 9 9 9 9 9 9 9 0 0 0 0 0
 9 9 9 9 9 9 9 9 9 8 8 0 0 0 8
