# <# turns> <side> <weapon> <width> <height> <cure period>
96 0 2 15 15 20
# Home positions
0 0
0 7
7 0
14 14
14 7
7 14
# Ranks and scores of samurai
0 0
0 0
0 0
0 0
0 0
0 0
# Turn information for samurai of side 0 with weapon 2
# <turn>
4
# <cure period>
0
# Samurai states: <position x> <position y> <hiding>
1 0 0
1 7 0
7 0 0
-1 -1 1
-1 -1 1
-1 -1 1
# Battle field states
 8 8 0 0 0 0 8 8 8 8 8 8 8 9 9
 8 8 8 8 8 8 8 8 8 8 8 8 9 9 9
 8 8 8 8 8 8 8 8 8 8 8 9 9 9 9
 8 8 8 8 9 8 8 8 8 8 9 9 9 9 9
 8 8 8 8 9 9 8 8 8 9 9 9 9 9 9
 8 1 8 8 8 9 9 8 9 9 9 9 9 9 9
 8 1 1 8 8 8 9 9 9 9 9 9 9 9 9
 8 8 1 1 8 8 8 9 9 9 9 9 9 9 9
 8 8 8 8 8 8 9 9 9 9 9 9 9 9 9
 8 8 8 8 8 9 9 9 9 9 9 9 9 9 9
 8 8 8 8 9 9 9 9 9 9 9 9 9 9 9
 8 8 8 9 9 9 9 9 9 9 9 9 9 9 9
 9 8 9 9 9 9 9 9 9 9 9 9 9 9 9
 9 9 9 9 9 9 9 9 9 9 9 9 9 9 9
 9 9 9 9 9 9 9 9 9 9 9 9 9 9 9
# Turn information for samurai of side 0 with weapon 2
# <turn>
11
# <cure period>
0
# Samurai states: <position x> <position y> <hiding>
1 1 0
2 7 1
7 1 0
-1 -1 1
-1 -1 1
-1 -1 1
# Battle field states
 8 8 0 0 0 0 2 8 2 8 8 8 9 9 9
 8 8 0 0 0 0 2 8 2 8 8 8 8 9 9
 8 8 8 8 8 8 2 2 2 8 8 8 9 9 9
 8 8 8 8 8 8 8 8 8 8 8 9 9 9 9
 8 8 8 8 8 8 8 8 8 8 9 9 9 9 9
 8 1 8 8 8 8 8 8 8 9 9 9 9 9 9
 8 1 1 8 8 8 8 8 9 9 9 9 9 9 9
 8 1 1 1 8 8 8 8 9 9 9 9 9 9 9
 8 1 1 8 8 8 8 9 9 9 9 9 9 9 9
 8 8 1 8 8 8 9 9 9 9 9 9 9 9 9
 8 8 8 8 8 9 9 9 9 9 9 9 9 9 9
 9 8 8 8 9 9 9 9 9 9 9 9 9 9 9
 9 9 8 9 9 9 9 9 9 9 9 9 9 9 9
 9 9 9 9 9 9 9 9 9 9 9 9 9 9 9
 9 9 9 9 9 9 9 9 9 9 9 9 9 9 9
# Turn information for samurai of side 0 with weapon 2
# <turn>
16
# <cure period>
0
# Samurai states: <position x> <position y> <hiding>
1 2 0
3 7 0
7 4 0
-1 -1 1
-1 -1 1
-1 -1 1
# Battle field states
 8 8 0 0 0 9 2 8 2 9 9 9 9 9 9
 8 8 0 0 0 0 2 8 2 8 9 9 9 9 9
 8 8 0 0 0 0 2 2 2 8 8 9 9 9 9
 8 8 8 8 8 8 8 8 8 8 8 8 9 9 9
 8 8 8 8 8 8 8 8 8 8 8 8 4 9 9
 8 1 8 8 8 8 8 8 8 8 8 8 9 9 9
 8 1 1 8 8 8 8 8 8 8 8 9 9 9 9
 8 1 1 1 1 1 8 8 8 8 9 9 9 9 9
 8 1 1 1 1 8 8 8 8 9 9 9 9 9 9
 8 8 1 1 8 8 8 8 9 9 9 9 9 9 9
 9 8 8 8 8 8 9 9 9 9 9 9 9 9 9
 9 9 8 8 8 9 9 9 9 9 9 9 9 9 9
 9 9 9 8 9 9 9 9 9 9 9 9 9 9 9
 9 9 9 9 9 9 9 9 9 9 9 9 9 9 9
 9 9 9 9 9 9 9 9 9 9 9 9 9 9 9
# Turn information for samurai of side 0 with weapon 2
# <turn>
23
# <cure period>
0
# Samurai states: <position x> <position y> <hiding>
1 3 0
4 7 1
7 5 0
-1 -1 1
-1 -1 1
-1 -1 1
# Battle field states
 8 8 0 0 9 9 9 8 9 9 9 9 9 9 9
 8 8 0 0 0 9 2 8 2 9 9 9 9 9 9
 8 8 0 0 0 0 2 2 2 8 9 9 9 9 9
 8 8 0 0 0 0 8 8 8 8 8 9 9 9 9
 8 8 8 8 8 8 2 2 2 8 8 4 9 9 9
 8 1 8 8 1 8 8 8 2 8 4 4 4 9 9
 8 1 1 8 1 1 2 2 2 8 8 8 9 9 9
 8 1 1 1 1 1 1 8 8 8 8 9 9 9 9
 8 1 1 1 1 8 8 8 8 8 9 9 9 9 9
 9 8 1 1 8 8 8 8 8 9 9 9 9 9 9
 9 9 8 8 8 8 5 5 9 9 9 9 9 9 9
 9 9 9 8 8 8 9 9 9 9 9 9 9 9 9
 9 9 9 9 8 9 9 9 9 9 9 9 9 9 9
 9 9 9 9 9 9 9 9 9 9 9 9 9 9 9
 9 9 9 9 9 9 9 9 9 9 9 9 9 9 9
# Turn information for samurai of side 0 with weapon 2
# <turn>
28
# <cure period>
0
# Samurai states: <position x> <position y> <hiding>
1 4 0
5 7 0
7 8 0
-1 -1 1
-1 -1 1
-1 -1 1
# Battle field states
 8 0 0 9 9 9 9 9 9 9 9 9 9 9 9
 8 0 0 0 9 9 9 9 9 9 9 9 9 9 9
 8 0 0 0 0 0 9 9 9 9 9 9 9 9 9
 8 0 0 0 0 0 8 8 9 9 9 9 9 9 9
 8 8 8 8 8 8 2 2 2 9 9 9 9 9 9
 8 1 8 8 1 8 8 8 2 8 9 9 9 9 9
 8 1 1 8 1 1 2 2 2 8 8 9 9 9 9
 8 1 1 1 1 1 1 1 8 8 8 4 9 9 9
 8 1 1 1 1 1 1 8 8 8 8 8 4 9 9
 9 8 1 1 8 1 8 8 8 8 8 8 9 9 9
 9 9 9 8 8 8 5 5 5 3 3 9 9 9 9
 9 9 9 9 8 8 5 5 5 3 9 9 9 9 9
 9 9 9 9 9 8 5 5 5 9 9 9 9 9 9
 9 9 9 9 9 9 9 5 9 9 9 9 9 9 9
 9 9 9 9 9 9 9 9 9 9 9 9 9 9 9
# Turn information for samurai of side 0 with weapon 2
# <turn>
35
# <cure period>
0
# Samurai states: <position x> <position y> <hiding>
2 4 1
6 7 1
6 6 1
-1 -1 1
-1 -1 1
-1 -1 1
# Battle field states
 9 0 0 0 9 9 9 9 9 9 9 9 9 9 9
 8 0 0 0 0 9 2 9 9 9 9 9 9 9 9
 8 0 0 0 0 0 2 2 9 9 9 9 9 9 9
 8 0 0 0 0 0 8 8 8 9 9 9 9 9 9
 8 8 0 0 0 0 2 2 2 8 9 9 9 9 9
 8 1 8 8 1 8 8 8 2 8 4 9 9 9 9
 8 1 1 8 1 1 2 2 2 8 8 8 9 9 9
 8 1 1 1 1 1 1 1 1 8 8 4 9 9 9
 9 1 1 1 1 1 1 1 8 8 8 9 9 9 9
 9 9 1 1 8 1 1 8 8 8 9 9 9 9 9
 9 9 9 9 8 8 5 5 5 9 9 9 9 9 9
 9 9 9 9 9 8 5 5 9 9 9 9 9 9 9
 9 9 9 9 9 9 5 9 9 9 9 9 9 9 9
 9 9 9 9 9 9 9 9 9 9 9 9 9 9 9
 9 9 9 9 9 9 9 9 9 9 9 9 9 9 9
# Turn information for samurai of side 0 with weapon 2
# <turn>
40
# <cure period>
0
# Samurai states: <position x> <position y> <hiding>
2 5 0
6 8 0
6 9 0
-1 -1 1
-1 -1 1
-1 -1 1
# Battle field states
 9 9 0 9 9 9 9 9 9 9 9 9 9 9 9
 9 0 0 0 9 9 9 9 9 9 9 9 9 9 9
 8 0 0 0 0 9 9 9 9 9 9 9 9 9 9
 8 0 0 0 0 0 8 9 9 9 9 9 9 9 9
 8 8 0 0 0 0 2 2 9 9 9 9 9 9 9
 8 1 8 0 0 0 0 8 2 9 9 9 9 9 9
 8 1 1 8 1 1 2 2 2 8 9 9 9 9 9
 8 1 1 1 1 1 1 1 1 8 8 9 9 9 9
 8 1 1 1 1 1 1 1 1 8 8 8 9 9 9
 9 8 1 1 8 1 1 1 3 3 3 3 9 9 9
 9 9 8 8 8 8 1 5 5 3 3 9 9 9 9
 9 9 9 8 8 8 5 5 5 3 9 9 9 9 9
 9 9 9 9 8 8 5 5 5 9 9 9 9 9 9
 9 9 9 9 9 8 5 5 9 9 9 9 9 9 9
 9 9 9 9 9 9 5 9 9 9 9 9 9 9 9
# Turn information for samurai of side 0 with weapon 2
# <turn>
47
# <cure period>
0
# Samurai states: <position x> <position y> <hiding>
4 6 1
6 7 1
6 10 1
-1 -1 1
-1 -1 1
-1 -1 1
# Battle field states
 9 9 9 9 9 9 9 9 9 9 9 9 9 9 9
 9 9 9 9 0 9 9 9 9 9 9 9 9 9 9
 9 9 9 0 0 0 2 9 9 9 9 9 9 9 9
 9 9 0 0 0 0 8 8 9 9 9 9 9 9 9
 9 8 0 0 0 0 2 2 2 9 9 9 9 9 9
 8 1 8 0 0 0 1 8 2 8 9 9 9 9 9
 8 1 1 8 1 1 1 1 2 8 8 9 9 9 9
 8 1 1 1 1 1 1 1 1 8 8 4 9 9 9
 9 1 1 1 1 1 1 1 1 8 8 9 9 9 9
 9 9 1 1 8 2 1 2 3 3 3 9 9 9 9
 9 8 8 8 8 2 1 2 5 3 3 3 9 9 9
 9 9 8 8 8 2 2 2 5 3 3 9 9 9 9
 9 9 9 8 8 8 5 5 5 5 9 9 9 9 9
 9 9 9 9 8 8 5 5 5 9 9 9 9 9 9
 9 9 9 9 9 8 5 8 9 9 9 9 9 9 9
# Turn information for samurai of side 0 with weapon 2
# <turn>
52
# <cure period>
0
# Samurai states: <position x> <position y> <hiding>
4 6 1
6 10 0
6 13 0
-1 -1 1
-1 -1 1
-1 -1 1
# Battle field states
 9 9 9 9 9 9 9 9 9 9 9 9 9 9 9
 9 9 9 9 0 9 9 9 9 9 9 9 9 9 9
 9 9 9 0 0 0 9 9 9 9 9 9 9 9 9
 9 9 0 0 0 0 8 9 9 9 9 9 9 9 9
 9 8 0 0 0 0 2 2 9 9 9 9 9 9 9
 8 1 8 0 0 0 1 8 2 9 9 9 9 9 9
 0 0 0 0 1 1 1 1 2 8 9 9 9 9 9
 8 1 1 1 1 1 1 1 1 9 9 9 9 9 9
 9 1 1 1 1 1 1 1 3 3 9 9 9 9 9
 9 9 1 1 8 2 1 2 3 3 3 9 9 9 9
 9 8 8 8 8 2 1 2 5 3 3 3 9 9 9
 9 9 8 8 8 2 2 2 5 3 3 9 9 9 9
 9 9 8 8 8 8 5 5 5 5 3 9 9 9 9
 9 8 8 8 8 8 5 5 5 5 3 5 9 9 9
 9 9 8 8 8 8 5 8 5 5 5 9 9 9 9
# Turn information for samurai of side 0 with weapon 2
# <turn>
59
# <cure period>
0
# Samurai states: <position x> <position y> <hiding>
4 7 0
5 10 1
7 13 0
-1 -1 1
-1 -1 1
-1 -1 1
# Battle field states
 9 9 9 9 9 9 9 9 9 9 9 9 9 9 9
 9 9 9 9 9 9 9 9 9 9 9 9 9 9 9
 9 9 9 9 0 9 9 9 9 9 9 9 9 9 9
 9 9 9 0 0 0 9 9 9 9 9 9 9 9 9
 9 9 0 0 0 0 2 9 9 9 9 9 9 9 9
 9 1 8 0 0 0 1 8 9 9 9 9 9 9 9
 0 0 0 0 1 1 1 1 2 9 9 9 9 9 9
 8 1 1 1 1 1 1 1 1 8 9 9 9 9 9
 8 1 1 1 0 1 1 1 3 9 9 9 9 9 9
 9 8 1 1 0 2 1 2 3 3 9 9 9 9 9
 8 8 8 1 1 2 1 2 5 3 3 9 9 9 9
 9 8 8 8 1 1 2 2 5 3 3 9 9 9 9
 9 9 8 8 8 1 2 2 2 5 3 5 9 9 9
 9 9 8 8 8 8 2 5 2 5 3 5 3 9 9
 9 9 9 8 8 8 2 8 2 5 5 5 9 9 9
# Turn information for samurai of side 0 with weapon 2
# <turn>
64
# <cure period>
0
# Samurai states: <position x> <position y> <hiding>
4 8 1
6 10 0
8 13 1
-1 -1 1
-1 -1 1
-1 -1 1
# Battle field states
 9 9 9 9 9 9 9 9 9 9 9 9 9 9 9
 9 9 9 9 9 9 9 9 9 9 9 9 9 9 9
 9 9 9 9 9 9 9 9 9 9 9 9 9 9 9
 9 9 9 9 0 9 9 9 9 9 9 9 9 9 9
 9 9 9 0 0 0 9 9 9 9 9 9 9 9 9
 9 9 8 0 0 0 1 9 9 9 9 9 9 9 9
 9 0 0 0 1 1 1 1 9 9 9 9 9 9 9
 8 1 1 1 1 1 1 1 3 9 9 9 9 9 9
 8 1 1 1 0 0 0 0 0 3 9 9 9 9 9
 8 8 1 1 0 2 1 2 3 3 3 9 9 9 9
 9 8 8 1 1 2 1 1 1 3 3 3 9 9 9
 9 9 8 8 1 1 1 1 5 3 3 3 9 9 9
 9 9 9 8 8 1 1 2 2 2 3 5 3 9 9
 9 9 9 8 8 8 2 2 2 2 3 5 3 3 9
 9 9 9 9 8 8 2 8 2 2 5 5 8 9 9
# Turn information for samurai of side 0 with weapon 2
# <turn>
71
# <cure period>
0
# Samurai states: <position x> <position y> <hiding>
7 8 0
6 11 1
9 13 0
-1 -1 1
-1 -1 1
-1 -1 1
# Battle field states
 9 9 9 9 9 9 9 9 9 9 9 9 9 9 9
 9 9 9 9 9 9 9 9 9 9 9 9 9 9 9
 9 9 9 9 9 9 9 9 9 9 9 9 9 9 9
 9 9 9 9 9 9 9 8 9 9 9 9 9 9 9
 9 9 9 9 9 9 2 2 2 9 9 9 9 9 9
 9 9 9 9 9 0 1 8 2 8 9 9 9 9 9
 9 9 9 9 1 1 1 1 2 8 8 9 9 9 9
 9 9 9 1 1 1 1 1 3 3 3 3 9 9 9
 9 9 1 1 0 0 0 0 0 3 3 3 4 9 9
 9 9 9 1 0 2 1 2 3 3 3 3 9 9 9
 9 9 8 1 1 2 1 1 1 3 3 3 9 9 9
 9 8 8 8 1 1 1 1 1 3 3 3 3 9 9
 9 9 8 8 8 1 1 1 2 2 2 5 3 3 9
 9 9 9 8 8 8 1 2 2 2 2 5 3 3 3
 9 9 9 9 8 8 2 8 2 2 2 5 8 3 9
# Turn information for samurai of side 0 with weapon 2
# <turn>
76
# <cure period>
0
# Samurai states: <position x> <position y> <hiding>
7 7 1
9 11 0
9 13 1
-1 -1 1
-1 -1 1
-1 -1 1
# Battle field states
 9 9 9 9 9 9 9 9 9 9 9 9 9 9 9
 9 9 9 9 9 9 9 9 9 9 9 9 9 9 9
 9 9 9 9 9 9 9 2 9 9 9 9 9 9 9
 9 9 9 9 9 9 8 8 8 9 9 9 9 9 9
 9 9 9 9 9 0 2 2 2 8 9 9 9 9 9
 9 9 9 9 0 0 1 8 2 8 4 9 9 9 9
 9 9 9 0 1 1 1 1 2 8 8 8 9 9 9
 9 9 1 1 1 1 1 1 0 3 3 3 3 9 9
 9 9 9 1 0 0 0 0 0 3 3 3 9 9 9
 9 9 9 9 0 2 1 2 3 3 3 3 8 9 9
 9 9 9 9 9 2 1 1 1 3 3 3 3 8 9
 9 9 9 9 1 1 1 1 1 3 3 3 3 3 3
 9 9 9 9 9 1 1 1 2 2 2 5 3 3 9
 9 9 9 9 8 8 1 2 2 2 2 5 3 3 3
 9 9 9 9 9 8 2 8 2 2 2 5 8 3 9
# Turn information for samurai of side 0 with weapon 2
# <turn>
83
# <cure period>
0
# Samurai states: <position x> <position y> <hiding>
8 7 0
9 10 0
10 13 0
-1 -1 1
-1 -1 1
-1 -1 1
# Battle field states
 9 9 9 9 9 9 9 9 9 9 9 9 9 9 9
 9 9 9 9 9 9 9 9 9 9 9 9 9 9 9
 9 9 9 9 9 9 9 9 2 9 9 9 9 9 9
 9 9 9 9 9 9 9 8 8 8 9 9 9 9 9
 9 9 9 9 9 9 2 2 2 8 8 9 9 9 9
 9 9 9 9 9 0 1 8 2 8 4 4 9 9 9
 9 9 9 9 1 1 1 1 2 8 8 8 4 9 9
 9 9 9 1 1 1 1 1 0 0 0 0 0 4 9
 9 9 9 9 0 0 0 0 0 1 3 3 5 9 9
 9 9 9 9 9 2 1 2 3 1 1 3 5 4 9
 9 9 9 9 1 2 1 1 1 3 1 1 5 5 5
 9 9 9 9 9 1 1 1 1 3 3 3 3 3 9
 9 9 9 9 9 9 1 1 2 2 2 2 3 3 3
 9 9 9 9 9 8 1 2 2 2 2 2 3 3 3
 9 9 9 9 9 9 2 8 2 2 2 2 8 3 8
# Turn information for samurai of side 0 with weapon 2
# <turn>
88
# <cure period>
0
# Samurai states: <position x> <position y> <hiding>
8 8 1
10 10 1
10 12 1
-1 -1 1
-1 -1 1
-1 -1 1
# Battle field states
 9 9 9 9 9 9 9 9 9 9 9 9 9 9 9
 9 9 9 9 9 9 9 9 9 9 9 9 9 9 9
 9 9 9 9 9 9 9 9 9 9 9 9 9 9 9
 9 9 9 9 9 9 9 9 8 9 9 9 9 9 9
 9 9 9 9 9 9 9 2 2 8 9 9 9 9 9
 9 9 9 9 9 9 1 8 2 8 4 9 9 9 9
 9 9 9 9 9 1 1 1 2 8 8 8 9 9 9
 9 9 9 9 1 1 1 1 0 0 0 0 0 9 9
 9 9 9 1 0 0 0 0 0 0 1 0 0 4 9
 9 9 9 9 0 2 1 2 3 1 1 1 5 4 5
 9 9 9 9 9 2 1 1 1 3 1 1 1 5 5
 9 9 9 9 9 9 1 1 1 2 2 2 3 3 3
 9 9 9 9 9 1 1 1 2 2 2 2 3 3 3
 9 9 9 9 9 9 1 2 2 2 2 2 3 3 3
 9 9 9 9 9 9 9 8 2 2 2 2 8 3 9
# Turn information for samurai of side 0 with weapon 2
# <turn>
95
# <cure period>
0
# Samurai states: <position x> <position y> <hiding>
7 8 0
10 9 0
11 12 0
13 8 0
-1 -1 1
-1 -1 1
# Battle field states
 9 9 9 9 9 9 9 9 9 9 9 9 9 9 9
 9 9 9 9 9 9 9 9 9 9 9 9 9 9 9
 9 9 9 9 9 9 9 9 9 9 9 9 9 9 9
 9 9 9 9 9 9 9 8 9 9 9 9 9 9 9
 9 9 9 9 9 9 2 2 2 9 8 9 9 9 9
 9 9 9 9 9 0 1 8 2 8 4 5 9 9 9
 9 9 9 9 1 1 1 1 2 8 8 5 5 9 9
 9 9 9 1 1 1 1 1 0 0 0 5 5 5 9
 9 9 1 1 0 0 0 0 0 0 0 0 0 4 5
 9 9 9 1 0 2 1 2 1 1 1 1 5 4 5
 9 9 9 9 1 2 1 1 1 1 1 1 1 5 5
 9 9 9 9 9 1 1 1 1 2 1 2 2 3 3
 9 9 9 9 9 9 1 1 2 2 2 2 2 3 3
 9 9 9 9 9 9 9 2 2 2 2 2 2 3 3
 9 9 9 9 9 9 9 9 2 2 2 2 8 3 8
