# <# turns> <side> <weapon> <width> <height> <cure period>
96 1 1 15 15 20
# Home positions
14 14
14 7
7 14
0 0
0 7
7 0
# Ranks and scores of samurai
0 0
0 0
0 0
0 0
0 0
0 0
# Turn information for samurai of side 1 with weapon 1
# <turn>
2
# <cure period>
0
# Samurai states: <position x> <position y> <hiding>
14 14 0
14 7 0
7 14 0
-1 -1 1
-1 -1 1
-1 -1 1
# Battle field states
 9 9 9 9 9 9 9 9 9 9 9 9 9 9 9
 9 9 9 9 9 9 9 9 9 9 9 9 9 9 9
 9 9 9 9 9 9 9 9 9 9 9 9 9 9 8
 9 9 9 9 9 9 9 9 9 9 9 9 9 8 8
 9 9 9 9 9 9 9 9 9 9 9 9 8 8 8
 9 9 9 9 9 9 9 9 9 9 9 8 8 8 8
 9 9 9 9 9 9 9 9 9 9 8 8 8 8 8
 9 9 9 9 9 9 9 9 9 8 8 8 8 8 8
 9 9 9 9 9 9 9 9 9 9 8 8 8 8 8
 9 9 9 9 9 9 9 8 9 9 9 8 8 8 8
 9 9 9 9 9 9 8 8 8 9 9 9 8 8 8
 9 9 9 9 9 8 8 8 8 8 9 9 8 8 8
 9 9 9 9 8 8 8 8 8 8 8 8 8 8 8
 9 9 9 8 8 8 8 8 8 8 8 8 8 8 8
 9 9 8 8 8 8 8 8 8 8 8 8 8 8 8
# Turn information for samurai of side 1 with weapon 1
# <turn>
9
# <cure period>
0
# Samurai states: <position x> <position y> <hiding>
13 14 0
14 7 0
7 14 0
-1 -1 1
-1 -1 1
-1 -1 1
# Battle field states
 9 9 9 9 9 9 9 9 9 9 9 9 9 9 9
 9 9 9 9 9 9 9 9 9 9 9 9 9 9 9
 9 9 9 9 9 9 9 9 9 9 9 9 9 9 8
 9 9 9 9 9 9 9 9 9 9 9 9 9 8 8
 9 9 9 9 9 9 9 9 9 9 9 9 8 8 8
 9 9 9 9 9 9 9 9 9 9 9 8 8 8 8
 9 9 9 9 9 9 9 9 9 9 8 8 8 8 8
 9 9 9 9 9 9 9 9 9 8 8 8 8 8 8
 9 9 9 9 9 9 9 9 9 9 8 8 8 8 8
 9 9 9 9 9 9 9 8 9 9 9 8 8 8 8
 9 9 9 9 9 9 8 8 8 9 9 9 8 8 0
 9 9 9 9 9 8 8 8 8 8 9 8 8 8 0
 9 9 9 9 8 8 8 8 8 8 8 8 8 8 0
 9 9 9 8 8 8 8 8 8 8 8 8 8 8 0
 9 9 8 8 8 8 8 8 8 8 8 8 8 8 8
# Turn information for samurai of side 1 with weapon 1
# <turn>
14
# <cure period>
0
# Samurai states: <position x> <position y> <hiding>
12 14 0
13 7 1
7 13 0
-1 -1 1
-1 -1 1
-1 -1 1
# Battle field states
 9 9 9 9 9 9 9 9 9 9 9 9 9 9 9
 9 9 9 9 9 9 9 9 9 9 9 9 9 9 9
 9 9 9 9 9 9 9 9 9 9 9 9 9 8 9
 9 9 9 9 9 9 9 9 9 9 9 9 8 8 8
 9 9 9 9 9 9 9 9 9 9 9 8 8 8 8
 9 9 9 9 9 9 9 9 9 9 8 8 8 8 1
 9 9 9 9 9 9 9 9 9 8 8 8 8 1 1
 9 9 9 9 9 9 9 9 8 8 8 8 1 1 8
 9 9 9 9 9 9 9 8 9 8 8 8 8 8 8
 9 9 9 9 9 9 8 8 8 9 8 8 8 8 8
 9 9 9 9 9 8 8 8 8 8 9 8 8 0 0
 9 9 9 9 8 8 8 8 8 8 8 8 8 0 0
 9 9 9 8 8 8 2 2 2 8 8 8 8 0 0
 9 9 8 8 8 8 2 8 2 8 8 8 8 0 0
 9 9 9 8 8 8 2 8 2 8 8 8 8 8 8
# Turn information for samurai of side 1 with weapon 1
# <turn>
21
# <cure period>
0
# Samurai states: <position x> <position y> <hiding>
12 13 0
12 7 0
7 12 0
-1 -1 1
-1 -1 1
-1 -1 1
# Battle field states
 9 9 9 9 9 9 9 9 9 9 9 9 9 9 9
 9 9 9 9 9 9 9 9 9 9 9 9 9 9 9
 9 9 9 9 9 9 9 9 9 9 9 9 8 9 9
 9 9 9 9 9 9 9 9 9 9 9 8 8 8 9
 9 9 9 9 9 9 9 9 9 9 8 8 8 8 8
 9 9 9 9 9 9 9 9 9 8 8 8 8 8 1
 9 9 9 9 9 9 9 9 8 8 8 8 8 1 1
 9 9 9 9 9 9 9 8 8 8 1 1 1 1 8
 9 9 9 9 9 9 8 8 8 8 8 1 1 8 8
 9 9 9 9 9 8 8 8 8 8 8 8 1 8 8
 9 9 9 9 8 8 8 8 8 8 8 8 0 0 0
 9 9 9 8 8 8 2 2 2 8 8 8 0 0 0
 9 9 8 8 8 8 2 2 2 8 8 8 0 0 0
 9 9 9 8 8 8 2 2 2 8 8 8 0 0 0
 9 9 9 9 8 8 2 8 2 8 8 8 8 8 8
# Turn information for samurai of side 1 with weapon 1
# <turn>
26
# <cure period>
0
# Samurai states: <position x> <position y> <hiding>
11 13 0
12 6 0
7 11 1
-1 -1 1
-1 -1 1
-1 -1 1
# Battle field states
 9 9 9 9 9 9 9 9 9 9 9 9 9 9 9
 9 9 9 9 9 9 9 9 9 9 9 9 8 9 9
 9 9 9 9 9 9 9 9 9 9 9 8 8 8 9
 9 9 9 9 9 9 9 9 9 9 5 8 8 8 8
 9 9 9 9 9 9 9 9 9 8 8 8 1 8 8
 9 9 9 9 9 9 9 9 8 8 8 1 1 8 1
 9 9 9 9 9 9 9 8 8 8 1 1 8 1 1
 9 9 9 9 9 9 8 8 8 8 1 1 1 1 8
 9 9 9 9 9 8 8 8 8 8 8 1 1 8 8
 9 9 9 9 8 8 8 8 8 8 8 0 1 8 8
 9 9 9 8 8 8 2 2 2 8 8 0 0 0 9
 9 9 8 8 8 8 2 2 2 8 8 0 0 0 0
 9 9 9 8 8 8 2 2 2 8 8 0 0 0 0
 9 9 9 9 8 8 2 2 2 8 8 8 0 0 0
 9 9 9 9 9 8 2 8 2 8 8 8 8 8 8
# Turn information for samurai of side 1 with weapon 1
# <turn>
33
# <cure period>
0
# Samurai states: <position x> <position y> <hiding>
10 13 0
11 6 0
7 10 0
-1 -1 1
-1 -1 1
-1 -1 1
# Battle field states
 9 9 9 9 9 9 9 9 9 9 9 9 9 9 9
 9 9 9 9 9 9 9 9 9 9 9 8 9 9 9
 9 9 9 9 9 9 9 9 9 9 5 8 8 9 9
 9 9 9 9 9 9 9 9 9 5 5 8 8 8 9
 9 9 9 9 9 9 9 9 8 8 8 1 1 8 8
 9 9 9 9 9 9 9 8 8 8 1 1 1 8 1
 9 9 9 9 9 9 8 8 8 1 1 1 8 1 1
 9 9 9 9 9 8 8 8 8 8 1 1 1 1 8
 9 9 9 9 8 8 8 8 8 8 8 1 1 8 8
 9 9 9 8 8 8 2 2 2 8 0 0 1 8 9
 9 9 8 8 8 8 2 2 2 8 0 0 0 9 9
 9 9 9 8 8 8 2 2 2 8 0 0 0 0 9
 9 9 9 9 8 8 2 2 2 8 0 0 0 0 0
 9 9 9 9 9 8 2 2 2 8 8 8 0 0 0
 9 9 9 9 9 9 2 8 2 8 8 8 8 8 8
# Turn information for samurai of side 1 with weapon 1
# <turn>
38
# <cure period>
0
# Samurai states: <position x> <position y> <hiding>
9 13 0
10 6 0
7 9 1
-1 -1 1
-1 -1 1
-1 -1 1
# Battle field states
 9 9 9 9 9 9 9 9 9 9 9 9 9 9 9
 9 9 9 9 9 9 9 9 9 9 5 9 9 9 9
 9 9 9 9 9 9 9 9 9 5 5 8 9 9 9
 9 9 9 9 9 9 9 9 5 5 5 8 8 9 9
 9 9 9 9 9 9 9 8 8 8 1 1 1 8 9
 9 9 9 9 9 9 4 8 8 1 1 1 1 8 1
 9 9 9 9 9 8 8 8 1 1 1 1 8 1 1
 9 9 9 9 4 8 8 8 8 8 1 1 1 1 8
 9 9 9 4 8 8 2 2 2 8 8 1 1 8 9
 9 9 4 8 8 8 2 2 2 0 0 0 1 9 9
 9 9 9 8 8 8 2 2 2 0 0 0 9 9 9
 9 9 9 9 8 8 2 2 2 0 0 0 0 9 9
 9 9 9 9 9 8 2 2 2 0 0 0 0 0 9
 9 9 9 9 8 8 2 2 2 8 8 8 0 0 0
 9 9 9 9 9 8 2 8 2 8 8 8 8 8 9
# Turn information for samurai of side 1 with weapon 1
# <turn>
45
# <cure period>
0
# Samurai states: <position x> <position y> <hiding>
9 14 0
10 7 0
6 9 0
-1 -1 1
-1 -1 1
-1 -1 1
# Battle field states
 9 9 9 9 9 9 9 9 9 9 9 9 9 9 9
 9 9 9 9 9 9 9 9 9 9 9 9 9 9 9
 9 9 9 9 9 9 9 9 9 9 5 9 9 9 9
 9 9 9 9 9 9 9 9 9 5 5 8 9 9 9
 9 9 9 9 9 9 8 9 8 8 1 1 1 9 9
 9 9 9 9 9 4 4 8 8 1 1 1 1 8 9
 9 9 9 9 4 8 8 8 1 1 1 1 8 1 1
 9 9 9 4 4 8 8 8 1 1 1 1 1 1 8
 9 9 4 4 8 2 2 2 2 1 1 1 1 8 8
 9 8 4 8 8 2 2 2 2 0 1 0 1 8 9
 9 9 8 8 8 2 2 2 2 0 0 0 0 9 9
 9 9 9 8 8 8 2 2 2 0 0 0 9 9 9
 9 9 9 9 8 8 2 2 2 0 0 0 0 9 9
 9 9 9 9 9 8 2 2 2 8 8 8 0 0 9
 9 9 9 9 8 8 2 8 2 8 0 0 0 0 8
# Turn information for samurai of side 1 with weapon 1
# <turn>
50
# <cure period>
0
# Samurai states: <position x> <position y> <hiding>
8 14 0
9 7 1
5 9 1
-1 -1 1
-1 -1 1
-1 -1 1
# Battle field states
 9 9 9 9 9 9 9 9 9 9 9 9 9 9 9
 9 9 9 9 9 9 9 9 9 9 9 9 9 9 9
 9 9 9 9 9 9 9 9 9 5 9 9 9 9 9
 9 9 9 9 9 9 9 9 5 5 5 9 9 9 9
 9 9 9 9 9 4 9 8 8 8 1 1 9 9 9
 9 9 9 9 4 4 4 8 8 1 1 1 1 9 9
 9 9 9 4 4 8 8 8 1 1 1 1 8 1 9
 9 9 4 4 4 8 8 1 1 1 1 1 1 1 8
 9 4 4 4 2 2 2 2 1 1 1 1 1 8 9
 4 8 4 8 2 2 2 2 2 1 1 0 1 9 9
 9 8 8 8 2 2 2 2 2 0 0 0 9 9 9
 9 9 8 8 8 8 2 2 2 0 0 9 9 9 9
 9 9 9 8 8 8 2 2 2 0 0 0 9 9 9
 9 9 9 9 8 8 2 2 2 8 8 8 0 9 9
 9 9 9 8 0 0 0 8 2 8 0 0 0 0 9
# Turn information for samurai of side 1 with weapon 1
# <turn>
57
# <cure period>
0
# Samurai states: <position x> <position y> <hiding>
8 13 0
8 7 0
7 14 0
4 6 0
-1 -1 1
-1 -1 1
# Battle field states
 9 9 9 9 9 9 9 9 9 9 9 9 9 9 9
 9 9 9 9 9 9 9 9 9 9 9 9 9 9 9
 9 9 9 9 9 9 9 9 5 9 9 9 9 9 9
 9 9 9 9 9 9 9 5 5 5 9 9 9 9 9
 9 9 9 9 9 9 8 8 8 8 1 9 9 9 9
 9 9 9 9 9 4 4 8 1 1 1 1 9 9 9
 9 9 9 9 4 8 8 1 1 1 1 1 8 9 9
 9 9 9 4 3 8 1 1 1 1 1 1 1 1 9
 9 9 9 9 3 2 2 2 1 1 1 1 1 9 9
 9 9 9 9 9 2 2 2 2 1 1 0 9 9 9
 9 9 9 9 9 9 2 2 2 0 0 9 9 9 9
 9 9 9 9 9 8 2 2 2 0 0 0 9 9 9
 9 9 9 9 8 8 2 2 2 0 0 0 0 9 9
 9 9 9 8 8 8 2 2 2 0 0 0 0 0 9
 9 9 8 8 0 0 0 8 2 8 0 0 0 9 9
# Turn information for samurai of side 1 with weapon 1
# <turn>
62
# <cure period>
0
# Samurai states: <position x> <position y> <hiding>
7 13 1
8 8 1
7 14 0
-1 -1 1
-1 -1 1
-1 -1 1
# Battle field states
 9 9 9 9 9 9 9 9 9 9 9 9 9 9 9
 9 9 9 9 9 9 9 9 9 9 9 9 9 9 9
 9 9 9 9 9 9 9 9 9 9 9 9 9 9 9
 9 9 9 9 9 9 9 9 5 9 9 9 9 9 9
 9 9 9 9 9 9 9 8 8 8 9 9 9 9 9
 9 9 9 9 9 9 4 8 1 1 1 9 9 9 9
 9 9 9 9 9 8 8 1 1 1 1 1 9 9 9
 9 9 9 9 3 8 1 1 1 1 1 1 1 9 9
 9 9 9 2 3 2 1 1 1 1 1 1 1 8 9
 9 9 9 9 3 2 2 1 1 1 1 0 1 9 9
 9 9 9 9 9 2 2 2 1 0 0 0 9 9 9
 9 9 9 9 8 8 2 2 2 0 0 9 9 9 9
 9 9 9 8 8 8 2 2 2 0 0 0 9 9 9
 9 9 8 0 0 0 0 2 2 0 0 0 0 9 9
 9 9 8 8 0 0 0 8 2 8 0 0 0 9 9
# Turn information for samurai of side 1 with weapon 1
# <turn>
69
# <cure period>
0
# Samurai states: <position x> <position y> <hiding>
7 12 0
7 8 0
7 14 0
-1 -1 1
-1 -1 1
-1 -1 1
# Battle field states
 9 9 9 9 9 9 9 9 9 9 9 9 9 9 9
 9 9 9 9 9 9 9 9 9 9 9 9 9 9 9
 9 9 9 9 9 9 9 9 9 9 9 9 9 9 9
 9 9 9 9 9 9 9 5 9 9 9 9 9 9 9
 9 9 9 9 9 9 8 8 8 9 9 9 9 9 9
 9 9 9 9 9 4 4 8 1 1 9 9 9 9 9
 9 9 9 9 4 8 8 1 1 1 1 9 9 9 9
 9 9 9 3 3 8 1 1 1 1 1 1 9 9 9
 9 9 4 3 3 1 1 1 1 1 1 1 1 9 9
 9 9 9 3 3 2 1 1 1 1 1 0 9 9 9
 9 9 9 9 3 2 2 1 1 0 0 9 9 9 9
 9 9 9 8 8 8 2 2 2 0 0 0 9 9 9
 9 9 8 0 0 0 0 2 2 0 0 0 0 9 9
 9 9 9 0 0 0 0 2 2 0 0 0 9 9 9
 9 9 8 8 0 0 0 8 2 8 0 0 0 9 9
# Turn information for samurai of side 1 with weapon 1
# <turn>
74
# <cure period>
0
# Samurai states: <position x> <position y> <hiding>
7 11 1
7 7 0
7 14 0
-1 -1 1
-1 -1 1
-1 -1 1
# Battle field states
 9 9 9 9 9 9 9 9 9 9 9 9 9 9 9
 9 9 9 9 9 9 9 9 9 9 9 9 9 9 9
 9 9 9 9 9 9 9 5 9 9 9 9 9 9 9
 9 9 9 9 9 9 5 5 5 9 9 9 9 9 9
 9 9 9 9 9 4 8 8 8 8 9 9 9 9 9
 9 9 9 9 4 4 4 1 1 1 1 9 9 9 9
 9 9 9 3 4 8 1 1 1 1 1 1 9 9 9
 9 9 4 3 3 1 1 1 1 1 1 1 1 9 9
 9 9 9 3 3 1 1 1 1 1 1 1 9 9 9
 9 9 9 9 3 2 1 1 1 1 1 9 9 9 9
 9 9 9 2 3 2 2 1 1 0 0 0 9 9 9
 9 9 8 0 0 0 0 2 2 0 0 0 0 9 9
 9 9 9 0 0 0 0 2 2 0 0 0 9 9 9
 9 9 9 0 0 0 0 2 2 0 0 0 9 9 9
 9 9 8 8 0 0 0 8 2 8 0 0 0 9 9
# Turn information for samurai of side 1 with weapon 1
# <turn>
81
# <cure period>
0
# Samurai states: <position x> <position y> <hiding>
7 10 0
6 7 1
8 14 0
-1 -1 1
-1 -1 1
-1 -1 1
# Battle field states
 9 9 9 9 9 9 9 9 9 9 9 9 9 9 9
 9 9 9 9 9 9 9 9 9 9 9 9 9 9 9
 9 9 9 9 9 9 5 9 9 9 9 9 9 9 9
 9 9 9 9 9 5 5 5 9 9 9 9 9 9 9
 9 9 9 9 4 4 8 8 8 9 9 9 9 9 9
 9 9 9 4 4 4 1 1 1 1 9 9 9 9 9
 9 9 8 3 4 1 1 1 1 1 1 9 9 9 9
 9 4 4 3 1 1 1 1 1 1 1 1 9 9 9
 9 9 4 3 3 1 1 1 1 1 1 9 9 9 9
 9 9 9 3 3 2 1 1 1 1 1 0 9 9 9
 9 9 8 0 0 0 0 1 1 0 0 0 0 9 9
 9 9 9 0 0 0 0 2 2 0 0 0 9 9 9
 9 9 9 9 0 0 0 2 2 0 0 0 9 9 9
 9 9 9 9 0 0 0 2 2 2 0 0 0 9 9
 9 9 9 8 0 0 0 8 2 2 0 0 0 0 9
# Turn information for samurai of side 1 with weapon 1
# <turn>
86
# <cure period>
18
# Samurai states: <position x> <position y> <hiding>
7 9 0
14 7 0
7 14 0
-1 -1 1
-1 -1 1
-1 -1 1
# Battle field states
 9 9 9 9 9 9 9 9 9 9 9 9 9 9 9
 9 9 9 9 9 9 9 9 9 9 9 9 9 9 9
 9 9 9 9 9 9 9 9 9 9 9 9 9 9 8
 9 9 9 9 9 9 9 9 9 9 9 9 9 8 8
 9 9 9 9 9 9 9 8 9 9 9 9 1 8 8
 9 9 9 9 9 9 1 1 1 9 9 1 1 8 1
 9 9 9 9 9 1 1 1 1 1 1 1 8 1 1
 9 9 9 9 3 3 3 3 1 1 1 1 1 1 8
 9 9 9 3 3 1 1 1 1 1 1 1 1 8 8
 9 9 4 0 0 0 0 1 1 1 1 0 1 8 8
 9 9 9 0 0 0 0 1 1 0 0 0 0 0 0
 9 9 9 9 0 0 0 2 2 0 0 9 9 0 0
 9 9 9 9 0 0 0 2 2 0 0 9 9 9 0
 9 9 9 0 0 0 2 2 2 2 0 0 9 9 9
 9 9 8 8 0 0 2 8 2 2 0 0 0 9 9
# Turn information for samurai of side 1 with weapon 1
# <turn>
93
# <cure period>
11
# Samurai states: <position x> <position y> <hiding>
7 8 1
14 7 0
7 11 1
-1 -1 1
-1 -1 1
-1 -1 1
# Battle field states
 9 9 9 9 9 9 9 9 9 9 9 9 9 9 9
 9 9 9 9 9 9 9 9 9 9 9 9 9 9 9
 9 9 9 9 9 9 9 9 9 9 9 9 9 9 8
 9 9 9 9 9 9 9 5 9 9 9 9 9 8 8
 9 9 9 9 9 9 8 8 8 9 9 9 1 8 8
 9 9 9 9 9 4 4 1 1 1 9 1 1 8 1
 9 9 9 9 4 4 1 1 1 1 1 1 8 1 1
 9 9 9 4 4 3 3 3 1 1 1 1 1 1 8
 9 9 4 0 3 0 0 1 1 1 1 1 1 8 8
 9 9 9 0 3 0 0 1 1 1 1 0 1 8 8
 9 9 9 0 3 0 0 1 1 0 0 0 0 0 0
 9 9 8 0 3 0 0 2 2 0 0 0 0 0 0
 9 9 9 0 0 0 0 2 2 0 0 0 9 9 0
 9 9 9 9 0 0 2 2 2 2 0 9 9 9 9
 9 9 9 9 9 0 2 8 2 2 9 9 9 9 9
